0 0.875 0.371094 0.875 0.376953 0.873047 0.378906 0.873047 0.380859 0.867188 0.386719 0.867188 0.388672 0.863281 0.392578 0.861328 0.392578 0.859375 0.394531 0.859375 0.396484 0.851562 0.404297 0.851562 0.40625 0.841797 0.416016 0.832031 0.416016 0.832031 0.431641 0.837891 0.431641 0.839844 0.429688 0.84375 0.429688 0.845703 0.427734 0.847656 0.427734 0.851562 0.423828 0.853516 0.423828 0.859375 0.417969 0.859375 0.416016 0.863281 0.412109 0.863281 0.410156 0.865234 0.408203 0.865234 0.40625 0.871094 0.400391 0.871094 0.398438 0.878906 0.390625 0.878906 0.388672 0.882812 0.384766 0.882812 0.382812 0.886719 0.378906 0.892578 0.378906 0.892578 0.371094
0 0.410156 0.800781 0.410156 0.806641 0.408203 0.808594 0.408203 0.8125 0.40625 0.814453 0.40625 0.816406 0.404297 0.818359 0.402344 0.818359 0.400391 0.820312 0.394531 0.820312 0.394531 0.837891 0.400391 0.837891 0.402344 0.835938 0.402344 0.833984 0.404297 0.832031 0.404297 0.830078 0.408203 0.826172 0.408203 0.824219 0.410156 0.822266 0.410156 0.820312 0.412109 0.818359 0.412109 0.816406 0.416016 0.8125 0.423828 0.8125 0.423828 0.800781
0 0.3125 0.816406 0.3125 0.822266 0.310547 0.824219 0.310547 0.832031 0.316406 0.837891 0.316406 0.847656 0.318359 0.849609 0.318359 0.855469 0.314453 0.859375 0.314453 0.861328 0.3125 0.863281 0.3125 0.865234 0.310547 0.867188 0.310547 0.869141 0.308594 0.871094 0.308594 0.873047 0.304688 0.876953 0.304688 0.880859 0.302734 0.882812 0.302734 0.884766 0.300781 0.886719 0.300781 0.892578 0.298828 0.894531 0.298828 0.900391 0.296875 0.902344 0.296875 0.90625 0.294922 0.908203 0.294922 0.910156 0.292969 0.912109 0.291016 0.912109 0.285156 0.917969 0.277344 0.917969 0.277344 0.929688 0.285156 0.929688 0.291016 0.923828 0.292969 0.923828 0.296875 0.919922 0.298828 0.919922 0.300781 0.917969 0.300781 0.916016 0.302734 0.914062 0.302734 0.910156 0.304688 0.908203 0.304688 0.90625 0.306641 0.904297 0.306641 0.902344 0.308594 0.900391 0.308594 0.892578 0.310547 0.890625 0.310547 0.884766 0.3125 0.882812 0.3125 0.880859 0.314453 0.878906 0.314453 0.876953 0.324219 0.867188 0.330078 0.867188 0.330078 0.816406
0 0.464844 0.822266 0.464844 0.830078 0.46875 0.830078 0.464844 0.826172 0.464844 0.822266 0.462891 0.8125 0.462891 0.810547 0.464844 0.808594 0.464844 0.794922 0.466797 0.792969 0.466797 0.785156 0.460938 0.785156 0.460938 0.792969 0.458984 0.794922 0.457031 0.794922 0.455078 0.796875 0.4375 0.796875 0.435547 0.798828 0.416016 0.798828 0.408203 0.791016 0.408203 0.785156 0.394531 0.785156 0.394531 0.800781 0.402344 0.800781 0.408203 0.806641 0.408203 0.814453 0.402344 0.820312 0.394531 0.820312 0.394531 0.835938 0.400391 0.835938 0.404297 0.832031 0.404297 0.828125 0.410156 0.822266 0.410156 0.818359 0.414062 0.814453 0.416016 0.814453 0.419922 0.810547 0.445312 0.810547 0.447266 0.808594 0.449219 0.808594 0.451172 0.810547 0.458984 0.810547 0.460938 0.8125 0.462891 0.8125
0 0.886719 0.269531 0.886719 0.275391 0.878906 0.283203 0.876953 0.283203 0.876953 0.285156 0.875 0.287109 0.875 0.291016 0.873047 0.292969 0.873047 0.294922 0.871094 0.296875 0.863281 0.296875 0.863281 0.314453 0.869141 0.314453 0.875 0.308594 0.875 0.306641 0.878906 0.302734 0.878906 0.300781 0.880859 0.298828 0.880859 0.294922 0.884766 0.291016 0.884766 0.289062 0.888672 0.285156 0.888672 0.28125 0.892578 0.277344 0.900391 0.277344 0.900391 0.269531
0 0.634766 0.433594 0.634766 0.439453 0.630859 0.443359 0.630859 0.445312 0.628906 0.447266 0.628906 0.449219 0.626953 0.451172 0.626953 0.453125 0.625 0.455078 0.625 0.458984 0.619141 0.464844 0.613281 0.464844 0.613281 0.486328 0.619141 0.486328 0.619141 0.478516 0.628906 0.46875 0.628906 0.466797 0.630859 0.464844 0.632812 0.464844 0.636719 0.460938 0.636719 0.458984 0.638672 0.457031 0.638672 0.455078 0.640625 0.453125 0.640625 0.447266 0.638672 0.445312 0.638672 0.443359 0.636719 0.441406 0.636719 0.433594
0 0.621094 0.0117188 0.621094 0.0390625 0.628906 0.0390625 0.630859 0.0410156 0.630859 0.0429688 0.646484 0.0585938 0.646484 0.0644531 0.666016 0.0644531 0.666016 0.0585938 0.658203 0.0585938 0.652344 0.0527344 0.652344 0.0507812 0.638672 0.0371094 0.638672 0.0351562 0.630859 0.0273438 0.630859 0.0253906 0.628906 0.0234375 0.628906 0.0195312 0.626953 0.0175781 0.626953 0.0117188
0 0.398438 0.683594 0.398438 0.691406 0.392578 0.697266 0.392578 0.699219 0.384766 0.707031 0.384766 0.708984 0.378906 0.714844 0.371094 0.714844 0.371094 0.736328 0.376953 0.736328 0.376953 0.730469 0.378906 0.728516 0.378906 0.726562 0.382812 0.722656 0.384766 0.722656 0.384766 0.720703 0.400391 0.705078 0.400391 0.703125 0.402344 0.701172 0.402344 0.699219 0.404297 0.697266 0.404297 0.695312 0.40625 0.693359 0.40625 0.691406 0.408203 0.689453 0.408203 0.683594
0 0.410156 0.800781 0.410156 0.806641 0.408203 0.808594 0.408203 0.8125 0.40625 0.814453 0.40625 0.816406 0.404297 0.818359 0.402344 0.818359 0.400391 0.820312 0.394531 0.820312 0.394531 0.837891 0.400391 0.837891 0.402344 0.835938 0.402344 0.833984 0.404297 0.832031 0.404297 0.830078 0.408203 0.826172 0.408203 0.824219 0.410156 0.822266 0.410156 0.820312 0.412109 0.818359 0.412109 0.816406 0.417969 0.810547 0.419922 0.810547 0.421875 0.808594 0.439453 0.808594 0.439453 0.800781
0 0.300781 0.652344 0.300781 0.662109 0.298828 0.664062 0.298828 0.666016 0.296875 0.667969 0.296875 0.669922 0.291016 0.675781 0.291016 0.677734 0.289062 0.679688 0.287109 0.679688 0.285156 0.681641 0.277344 0.681641 0.277344 0.705078 0.283203 0.705078 0.283203 0.697266 0.287109 0.693359 0.287109 0.691406 0.296875 0.681641 0.298828 0.681641 0.306641 0.673828 0.306641 0.671875 0.310547 0.667969 0.310547 0.666016 0.316406 0.660156 0.322266 0.660156 0.322266 0.652344
0 0.0332031 0.816406 0.0332031 0.822266 0.03125 0.824219 0.03125 0.826172 0.0253906 0.832031 0.0253906 0.833984 0.00976562 0.849609 0.00390625 0.849609 0.00390625 0.857422 0.0136719 0.857422 0.015625 0.855469 0.0214844 0.855469 0.0234375 0.853516 0.0253906 0.853516 0.0273438 0.851562 0.0273438 0.84375 0.0292969 0.841797 0.0292969 0.837891 0.03125 0.835938 0.0332031 0.835938 0.0371094 0.832031 0.0390625 0.832031 0.0429688 0.828125 0.0429688 0.826172 0.0449219 0.824219 0.046875 0.824219 0.0488281 0.822266 0.0566406 0.822266 0.0566406 0.816406
0 0.501953 0.892578 0.509766 0.892578 0.509766 0.878906 0.501953 0.878906 0.501953 0.892578 0.474609 0.894531 0.472656 0.892578 0.472656 0.878906 0.464844 0.878906 0.464844 0.933594 0.470703 0.933594 0.474609 0.9375 0.474609 0.939453 0.476562 0.941406 0.476562 0.945312 0.478516 0.947266 0.478516 0.949219 0.480469 0.951172 0.480469 0.953125 0.482422 0.955078 0.482422 0.958984 0.484375 0.960938 0.484375 0.964844 0.486328 0.966797 0.486328 0.970703 0.488281 0.972656 0.488281 0.974609 0.490234 0.976562 0.490234 0.982422 0.492188 0.984375 0.492188 0.998047 0.509766 0.998047 0.509766 0.994141 0.501953 0.994141 0.5 0.992188 0.5 0.988281 0.498047 0.986328 0.498047 0.974609 0.496094 0.972656 0.496094 0.96875 0.492188 0.964844 0.492188 0.962891 0.490234 0.960938 0.490234 0.953125 0.488281 0.951172 0.488281 0.945312 0.486328 0.943359 0.486328 0.941406 0.484375 0.939453 0.484375 0.9375 0.482422 0.935547 0.482422 0.931641 0.480469 0.929688 0.480469 0.925781 0.478516 0.923828 0.478516 0.919922 0.476562 0.917969 0.476562 0.90625 0.474609 0.904297 0.474609 0.894531
0 0.429688 0.285156 0.429688 0.291016 0.431641 0.291016 0.433594 0.292969 0.435547 0.292969 0.441406 0.298828 0.441406 0.306641 0.453125 0.306641 0.453125 0.298828 0.449219 0.294922 0.447266 0.294922 0.445312 0.292969 0.445312 0.285156
0 0.433594 0.855469 0.433594 0.869141 0.439453 0.869141 0.441406 0.871094 0.441406 0.876953 0.455078 0.876953 0.455078 0.871094 0.458984 0.867188 0.460938 0.867188 0.464844 0.863281 0.464844 0.855469
0 0.777344 0.535156 0.777344 0.541016 0.779297 0.542969 0.783203 0.542969 0.785156 0.544922 0.787109 0.544922 0.789062 0.546875 0.791016 0.546875 0.794922 0.550781 0.796875 0.550781 0.798828 0.552734 0.800781 0.552734 0.800781 0.548828 0.796875 0.544922 0.796875 0.542969 0.794922 0.541016 0.794922 0.535156 0.777344 0.535156 0.757812 0.535156 0.730469 0.535156 0.730469 0.544922 0.742188 0.544922 0.744141 0.542969 0.751953 0.542969 0.753906 0.541016 0.757812 0.541016 0.757812 0.535156
0 0.5 0.878906 0.501953 0.880859 0.501953 0.884766 0.503906 0.886719 0.503906 0.892578 0.509766 0.892578 0.509766 0.876953 0.501953 0.876953 0.5 0.878906 0.472656 0.880859 0.470703 0.878906 0.470703 0.875 0.46875 0.875 0.466797 0.873047 0.466797 0.855469 0.457031 0.855469 0.457031 0.873047 0.466797 0.873047 0.46875 0.875 0.46875 0.876953 0.466797 0.878906 0.457031 0.878906 0.457031 0.90625 0.462891 0.90625 0.466797 0.910156 0.466797 0.919922 0.46875 0.921875 0.46875 0.927734 0.470703 0.929688 0.470703 0.933594 0.474609 0.9375 0.474609 0.941406 0.476562 0.943359 0.476562 0.945312 0.478516 0.947266 0.478516 0.951172 0.482422 0.955078 0.482422 0.958984 0.484375 0.960938 0.484375 0.964844 0.486328 0.966797 0.486328 0.970703 0.488281 0.972656 0.488281 0.976562 0.490234 0.978516 0.490234 0.986328 0.492188 0.988281 0.492188 0.998047 0.509766 0.998047 0.509766 0.994141 0.503906 0.994141 0.5 0.990234 0.5 0.984375 0.498047 0.982422 0.498047 0.972656 0.496094 0.970703 0.496094 0.96875 0.494141 0.966797 0.494141 0.964844 0.492188 0.962891 0.492188 0.960938 0.490234 0.958984 0.490234 0.951172 0.488281 0.949219 0.488281 0.945312 0.486328 0.943359 0.486328 0.941406 0.484375 0.939453 0.484375 0.9375 0.482422 0.935547 0.482422 0.931641 0.480469 0.929688 0.480469 0.925781 0.478516 0.923828 0.478516 0.919922 0.476562 0.917969 0.476562 0.904297 0.474609 0.902344 0.474609 0.892578 0.472656 0.890625 0.472656 0.880859
0 0.464844 0.433594 0.464844 0.455078 0.470703 0.455078 0.476562 0.449219 0.498047 0.449219 0.5 0.447266 0.505859 0.447266 0.513672 0.455078 0.513672 0.470703 0.505859 0.478516 0.503906 0.478516 0.501953 0.480469 0.5 0.480469 0.496094 0.484375 0.492188 0.484375 0.490234 0.486328 0.488281 0.486328 0.486328 0.488281 0.484375 0.488281 0.482422 0.490234 0.480469 0.490234 0.478516 0.492188 0.474609 0.492188 0.472656 0.494141 0.464844 0.494141 0.464844 0.501953 0.496094 0.501953 0.496094 0.494141 0.498047 0.492188 0.501953 0.492188 0.505859 0.488281 0.507812 0.488281 0.519531 0.476562 0.519531 0.474609 0.521484 0.472656 0.521484 0.457031 0.519531 0.455078 0.519531 0.447266 0.525391 0.441406 0.533203 0.441406 0.533203 0.433594
0 0.886719 0.824219 0.886719 0.830078 0.894531 0.830078 0.896484 0.832031 0.90625 0.832031 0.908203 0.833984 0.912109 0.833984 0.914062 0.832031 0.933594 0.832031 0.935547 0.833984 0.945312 0.833984 0.947266 0.835938 0.953125 0.835938 0.957031 0.839844 0.957031 0.845703 0.998047 0.845703 0.998047 0.833984 0.992188 0.833984 0.990234 0.835938 0.980469 0.835938 0.978516 0.837891 0.960938 0.837891 0.958984 0.835938 0.958984 0.824219
0 0 0.449219 0 0.464844 0.0078125 0.464844 0.00976562 0.466797 0.0195312 0.466797 0.0214844 0.46875 0.03125 0.46875 0.0332031 0.466797 0.0371094 0.466797 0.0390625 0.464844 0.0410156 0.464844 0.0410156 0.462891 0.0429688 0.460938 0.0429688 0.449219 0.0371094 0.449219 0.0371094 0.455078 0.0332031 0.458984 0.0175781 0.458984 0.0136719 0.455078 0.0136719 0.449219
0 0.0820312 0.851562 0.0800781 0.853516 0.078125 0.853516 0.078125 0.855469 0.0878906 0.855469 0.0878906 0.851562 0.0820312 0.851562 0.0625 0.816406 0.0605469 0.818359 0.0546875 0.818359 0.0507812 0.822266 0.0488281 0.822266 0.046875 0.824219 0.0449219 0.824219 0.0429688 0.826172 0.0429688 0.828125 0.0390625 0.832031 0.0371094 0.832031 0.0332031 0.835938 0.03125 0.835938 0.0292969 0.837891 0.0292969 0.841797 0.0273438 0.84375 0.0273438 0.851562 0.0253906 0.853516 0.0234375 0.853516 0.0214844 0.855469 0.0136719 0.855469 0.0117188 0.857422 0.00390625 0.857422 0.00390625 0.849609 0.00976562 0.849609 0.0253906 0.833984 0.0253906 0.832031 0.0292969 0.828125 0.0292969 0.826172 0.0332031 0.822266 0.0332031 0.820312 0.0351562 0.818359 0.0234375 0.814453 0.0234375 0.808594 0.00390625 0.808594 0.00390625 0.818359 0.0136719 0.818359 0.015625 0.816406 0.0214844 0.816406 0.0234375 0.814453 0.0351562 0.818359 0.0351562 0.816406 0.0371094 0.814453 0.0371094 0.808594 0.078125 0.808594 0.078125 0.814453 0.0742188 0.814453 0.0722656 0.816406 0.0625 0.816406
0 0.488281 0.494141 0.494141 0.494141 0.494141 0.492188 0.496094 0.490234 0.509766 0.490234 0.509766 0.480469 0.501953 0.480469 0.501953 0.482422 0.498047 0.486328 0.496094 0.486328 0.488281 0.494141 0.46875 0.482422 0.466797 0.480469 0.466797 0.462891 0.46875 0.460938 0.46875 0.458984 0.470703 0.457031 0.470703 0.455078 0.474609 0.451172 0.474609 0.414062 0.476562 0.412109 0.476562 0.398438 0.478516 0.396484 0.478516 0.390625 0.476562 0.388672 0.476562 0.376953 0.478516 0.375 0.478516 0.367188 0.476562 0.365234 0.476562 0.359375 0.474609 0.357422 0.474609 0.349609 0.472656 0.347656 0.472656 0.34375 0.474609 0.341797 0.474609 0.306641 0.472656 0.304688 0.472656 0.296875 0.474609 0.294922 0.474609 0.28125 0.476562 0.279297 0.476562 0.273438 0.478516 0.271484 0.478516 0.267578 0.476562 0.265625 0.476562 0.263672 0.474609 0.261719 0.474609 0.242188 0.476562 0.240234 0.476562 0.224609 0.474609 0.222656 0.474609 0.220703 0.476562 0.21875 0.476562 0.207031 0.478516 0.205078 0.478516 0.203125 0.480469 0.201172 0.480469 0.195312 0.482422 0.193359 0.482422 0.183594 0.484375 0.181641 0.484375 0.179688 0.488281 0.175781 0.488281 0.173828 0.490234 0.171875 0.490234 0.167969 0.492188 0.166016 0.492188 0.160156 0.494141 0.158203 0.494141 0.154297 0.496094 0.152344 0.496094 0.146484 0.498047 0.144531 0.498047 0.103516 0.496094 0.101562 0.496094 0.0761719 0.498047 0.0742188 0.498047 0.0664062 0.5 0.0644531 0.5 0.0605469 0.503906 0.0566406 0.509766 0.0566406 0.509766 0.00390625 0.494141 0.00390625 0.494141 0.0253906 0.492188 0.0273438 0.492188 0.0429688 0.490234 0.0449219 0.490234 0.0566406 0.488281 0.0585938 0.488281 0.0625 0.486328 0.0644531 0.486328 0.0683594 0.484375 0.0703125 0.484375 0.115234 0.482422 0.117188 0.482422 0.123047 0.484375 0.125 0.484375 0.132812 0.486328 0.134766 0.486328 0.146484 0.484375 0.148438 0.484375 0.154297 0.482422 0.15625 0.482422 0.164062 0.480469 0.166016 0.480469 0.167969 0.478516 0.169922 0.478516 0.175781 0.476562 0.177734 0.476562 0.185547 0.474609 0.1875 0.474609 0.191406 0.470703 0.195312 0.470703 0.197266 0.46875 0.199219 0.46875 0.203125 0.466797 0.205078 0.466797 0.210938 0.464844 0.212891 0.464844 0.214844 0.462891 0.216797 0.457031 0.216797 0.457031 0.353516 0.462891 0.353516 0.464844 0.355469 0.464844 0.357422 0.466797 0.359375 0.466797 0.367188 0.46875 0.369141 0.46875 0.4375 0.466797 0.439453 0.466797 0.443359 0.462891 0.447266 0.457031 0.447266 0.457031 0.615234 0.462891 0.615234 0.464844 0.617188 0.464844 0.626953 0.466797 0.628906 0.466797 0.634766 0.476562 0.634766 0.476562 0.621094 0.474609 0.619141 0.474609 0.603516 0.472656 0.601562 0.472656 0.595703 0.470703 0.59375 0.470703 0.585938 0.46875 0.583984 0.46875 0.550781 0.466797 0.548828 0.466797 0.529297 0.464844 0.527344 0.464844 0.523438 0.466797 0.521484 0.466797 0.513672 0.46875 0.511719 0.46875 0.482422
0 0.0351562 0.138672 0.015625 0.138672 0.0117188 0.142578 0.00390625 0.142578 0.00390625 0.152344 0.0136719 0.152344 0.015625 0.150391 0.0175781 0.150391 0.0195312 0.148438 0.0234375 0.148438 0.0253906 0.146484 0.0332031 0.146484 0.0351562 0.144531 0.0410156 0.144531 0.0410156 0.140625 0.0371094 0.140625 0.0351562 0.138672 0.0273438 0.128906 0.0273438 0.121094 0.0253906 0.121094 0.0253906 0.128906 0.0273438 0.128906
0 0.205078 0.425781 0.205078 0.439453 0.197266 0.447266 0.195312 0.447266 0.191406 0.451172 0.175781 0.451172 0.173828 0.453125 0.173828 0.455078 0.171875 0.457031 0.171875 0.458984 0.169922 0.460938 0.167969 0.460938 0.164062 0.464844 0.162109 0.464844 0.158203 0.46875 0.154297 0.46875 0.152344 0.470703 0.150391 0.470703 0.148438 0.472656 0.148438 0.474609 0.146484 0.476562 0.144531 0.476562 0.142578 0.478516 0.138672 0.478516 0.136719 0.480469 0.134766 0.480469 0.132812 0.482422 0.128906 0.482422 0.125 0.486328 0.123047 0.486328 0.117188 0.492188 0.115234 0.492188 0.113281 0.494141 0.101562 0.494141 0.0996094 0.492188 0.0878906 0.492188 0.0859375 0.494141 0.0742188 0.494141 0.0742188 0.509766 0.0839844 0.509766 0.0839844 0.501953 0.0878906 0.498047 0.0996094 0.498047 0.105469 0.503906 0.105469 0.509766 0.115234 0.509766 0.115234 0.501953 0.119141 0.498047 0.121094 0.498047 0.123047 0.496094 0.125 0.496094 0.130859 0.490234 0.134766 0.490234 0.136719 0.488281 0.140625 0.488281 0.142578 0.486328 0.144531 0.486328 0.148438 0.482422 0.150391 0.482422 0.15625 0.476562 0.158203 0.476562 0.160156 0.474609 0.162109 0.474609 0.164062 0.472656 0.166016 0.472656 0.167969 0.470703 0.169922 0.470703 0.175781 0.464844 0.177734 0.464844 0.179688 0.462891 0.181641 0.462891 0.185547 0.458984 0.191406 0.458984 0.193359 0.457031 0.199219 0.457031 0.203125 0.453125 0.205078 0.453125 0.207031 0.451172 0.207031 0.449219 0.208984 0.447266 0.208984 0.439453 0.207031 0.4375 0.207031 0.425781
0 0.757812 0.464844 0.755859 0.462891 0.751953 0.462891 0.75 0.464844 0.75 0.46875 0.748047 0.470703 0.748047 0.474609 0.746094 0.476562 0.746094 0.478516 0.744141 0.480469 0.744141 0.482422 0.740234 0.486328 0.738281 0.486328 0.738281 0.488281 0.736328 0.490234 0.736328 0.498047 0.732422 0.501953 0.730469 0.501953 0.726562 0.505859 0.724609 0.505859 0.722656 0.507812 0.720703 0.507812 0.71875 0.509766 0.712891 0.509766 0.705078 0.517578 0.703125 0.517578 0.699219 0.521484 0.699219 0.523438 0.697266 0.525391 0.697266 0.533203 0.707031 0.533203 0.707031 0.525391 0.712891 0.519531 0.714844 0.519531 0.716797 0.517578 0.71875 0.517578 0.722656 0.513672 0.724609 0.513672 0.726562 0.511719 0.732422 0.511719 0.734375 0.509766 0.736328 0.509766 0.736328 0.503906 0.738281 0.501953 0.738281 0.496094 0.742188 0.492188 0.744141 0.492188 0.748047 0.488281 0.75 0.488281 0.753906 0.484375 0.753906 0.482422 0.755859 0.480469 0.755859 0.478516 0.757812 0.476562 0.757812 0.464844 0.767578 0.455078 0.746094 0.443359 0.746094 0.433594 0.744141 0.433594 0.744141 0.441406 0.746094 0.443359 0.767578 0.455078 0.785156 0.455078 0.767578 0.455078
0 0.779297 0.535156 0.779297 0.541016 0.78125 0.542969 0.785156 0.542969 0.787109 0.544922 0.789062 0.544922 0.791016 0.546875 0.792969 0.546875 0.794922 0.548828 0.794922 0.556641 0.806641 0.556641 0.806641 0.548828 0.798828 0.548828 0.794922 0.544922 0.794922 0.535156 0.779297 0.535156 0.755859 0.535156 0.726562 0.535156 0.726562 0.542969 0.722656 0.546875 0.714844 0.546875 0.714844 0.556641 0.728516 0.556641 0.728516 0.548828 0.732422 0.544922 0.740234 0.544922 0.742188 0.542969 0.75 0.542969 0.751953 0.541016 0.755859 0.541016 0.755859 0.535156
0 0.941406 0.847656 0.941406 0.855469 0.949219 0.855469 0.951172 0.857422 0.951172 0.859375 0.953125 0.861328 0.953125 0.863281 0.957031 0.863281 0.958984 0.865234 0.972656 0.865234 0.974609 0.863281 0.976562 0.863281 0.974609 0.861328 0.972656 0.861328 0.970703 0.859375 0.966797 0.859375 0.964844 0.857422 0.962891 0.857422 0.958984 0.853516 0.958984 0.847656
0 0.955078 0.832031 0.955078 0.837891 0.966797 0.837891 0.96875 0.839844 0.982422 0.839844 0.984375 0.841797 0.992188 0.841797 0.994141 0.839844 0.998047 0.839844 0.998047 0.832031
0 0.621094 0.691406 0.621094 0.703125 0.628906 0.703125 0.630859 0.705078 0.632812 0.705078 0.634766 0.707031 0.640625 0.707031 0.642578 0.708984 0.644531 0.708984 0.650391 0.714844 0.652344 0.714844 0.65625 0.71875 0.65625 0.724609 0.658203 0.726562 0.658203 0.728516 0.65625 0.730469 0.65625 0.744141 0.662109 0.744141 0.662109 0.734375 0.666016 0.730469 0.673828 0.730469 0.673828 0.720703 0.666016 0.720703 0.664062 0.71875 0.664062 0.716797 0.662109 0.714844 0.662109 0.712891 0.660156 0.710938 0.658203 0.710938 0.654297 0.707031 0.652344 0.707031 0.650391 0.705078 0.646484 0.705078 0.638672 0.697266 0.638672 0.691406
0 0.269531 0.621094 0.269531 0.632812 0.285156 0.632812 0.287109 0.634766 0.289062 0.634766 0.292969 0.638672 0.294922 0.638672 0.300781 0.644531 0.300781 0.634766 0.296875 0.630859 0.296875 0.628906 0.294922 0.626953 0.294922 0.621094
0 0.621094 0.691406 0.621094 0.703125 0.628906 0.703125 0.630859 0.705078 0.632812 0.705078 0.634766 0.707031 0.640625 0.707031 0.642578 0.708984 0.644531 0.708984 0.646484 0.710938 0.648438 0.710938 0.658203 0.720703 0.658203 0.728516 0.673828 0.728516 0.673828 0.720703 0.666016 0.720703 0.662109 0.716797 0.662109 0.714844 0.654297 0.707031 0.652344 0.707031 0.650391 0.705078 0.646484 0.705078 0.644531 0.703125 0.642578 0.703125 0.640625 0.701172 0.640625 0.699219 0.638672 0.697266 0.638672 0.691406
0 0.0234375 0.980469 0.0234375 0.986328 0.0214844 0.988281 0.0195312 0.988281 0.0175781 0.990234 0.00390625 0.990234 0.00390625 0.998047 0.0351562 0.998047 0.0351562 0.994141 0.0371094 0.992188 0.0390625 0.992188 0.0410156 0.990234 0.0429688 0.990234 0.046875 0.986328 0.046875 0.980469
0 0.78125 0.363281 0.78125 0.371094 0.775391 0.376953 0.775391 0.378906 0.769531 0.384766 0.767578 0.384766 0.759766 0.392578 0.757812 0.392578 0.751953 0.398438 0.746094 0.398438 0.746094 0.414062 0.753906 0.414062 0.769531 0.398438 0.769531 0.396484 0.777344 0.388672 0.777344 0.386719 0.78125 0.382812 0.783203 0.382812 0.791016 0.375 0.792969 0.375 0.794922 0.373047 0.796875 0.373047 0.798828 0.371094 0.806641 0.371094 0.806641 0.363281
0 0.433594 0.855469 0.433594 0.869141 0.458984 0.869141 0.460938 0.867188 0.462891 0.867188 0.466797 0.863281 0.466797 0.855469
0 0.464844 0.880859 0.460938 0.884766 0.460938 0.896484 0.462891 0.898438 0.462891 0.900391 0.464844 0.902344 0.464844 0.904297 0.466797 0.90625 0.466797 0.916016 0.46875 0.917969 0.46875 0.925781 0.470703 0.927734 0.470703 0.929688 0.472656 0.931641 0.472656 0.933594 0.474609 0.935547 0.474609 0.9375 0.476562 0.939453 0.476562 0.943359 0.478516 0.945312 0.478516 0.947266 0.480469 0.949219 0.480469 0.951172 0.482422 0.953125 0.482422 0.958984 0.484375 0.960938 0.484375 0.966797 0.486328 0.96875 0.486328 0.970703 0.488281 0.972656 0.488281 0.978516 0.494141 0.978516 0.494141 0.945312 0.488281 0.945312 0.484375 0.941406 0.484375 0.9375 0.482422 0.935547 0.482422 0.931641 0.480469 0.929688 0.480469 0.925781 0.478516 0.923828 0.478516 0.921875 0.476562 0.919922 0.476562 0.904297 0.474609 0.902344 0.474609 0.892578 0.472656 0.890625 0.472656 0.882812 0.470703 0.880859 0.464844 0.880859 0.46875 0.853516 0.46875 0.863281 0.464844 0.867188 0.458984 0.867188 0.457031 0.865234 0.449219 0.865234 0.449219 0.861328 0.457031 0.861328 0.462891 0.855469 0.494141 0.498047 0.488281 0.498047 0.486328 0.496094 0.482422 0.496094 0.46875 0.484375 0.466797 0.482422 0.466797 0.464844 0.46875 0.462891 0.46875 0.458984 0.472656 0.455078 0.472656 0.453125 0.476562 0.449219 0.476562 0.435547 0.474609 0.433594 0.474609 0.412109 0.476562 0.410156 0.476562 0.375 0.478516 0.373047 0.478516 0.369141 0.476562 0.367188 0.476562 0.359375 0.474609 0.357422 0.474609 0.347656 0.472656 0.345703 0.474609 0.34375 0.474609 0.314453 0.472656 0.3125 0.472656 0.287109 0.474609 0.285156 0.474609 0.279297 0.476562 0.277344 0.476562 0.273438 0.478516 0.271484 0.478516 0.269531 0.476562 0.267578 0.476562 0.263672 0.474609 0.261719 0.474609 0.238281 0.462891 0.238281 0.462891 0.261719 0.460938 0.263672 0.460938 0.265625 0.458984 0.267578 0.458984 0.269531 0.460938 0.271484 0.460938 0.277344 0.462891 0.279297 0.462891 0.283203 0.464844 0.285156 0.464844 0.314453 0.462891 0.316406 0.462891 0.349609 0.464844 0.351562 0.464844 0.355469 0.466797 0.357422 0.466797 0.365234 0.46875 0.367188 0.46875 0.414062 0.466797 0.416016 0.466797 0.443359 0.464844 0.445312 0.464844 0.447266 0.462891 0.449219 0.462891 0.453125 0.460938 0.455078 0.460938 0.46875 0.458984 0.470703 0.458984 0.5 0.457031 0.501953 0.457031 0.503906 0.455078 0.505859 0.449219 0.505859 0.449219 0.548828 0.455078 0.548828 0.457031 0.550781 0.457031 0.552734 0.458984 0.554688 0.458984 0.582031 0.460938 0.583984 0.460938 0.599609 0.462891 0.601562 0.462891 0.609375 0.464844 0.611328 0.464844 0.617188 0.466797 0.619141 0.466797 0.638672 0.464844 0.640625 0.464844 0.642578 0.462891 0.644531 0.462891 0.646484 0.460938 0.648438 0.460938 0.65625 0.458984 0.658203 0.458984 0.667969 0.455078 0.671875 0.449219 0.671875 0.449219 0.679688 0.455078 0.679688 0.457031 0.681641 0.457031 0.683594 0.458984 0.685547 0.458984 0.695312 0.460938 0.697266 0.460938 0.714844 0.462891 0.716797 0.462891 0.748047 0.460938 0.75 0.460938 0.787109 0.458984 0.789062 0.458984 0.792969 0.457031 0.794922 0.449219 0.794922 0.449219 0.810547 0.457031 0.810547 0.462891 0.816406 0.462891 0.833984 0.464844 0.835938 0.464844 0.841797 0.470703 0.835938 0.470703 0.833984 0.472656 0.832031 0.470703 0.830078 0.470703 0.826172 0.466797 0.822266 0.466797 0.820312 0.464844 0.818359 0.464844 0.810547 0.466797 0.808594 0.466797 0.798828 0.46875 0.796875 0.46875 0.792969 0.470703 0.791016 0.470703 0.785156 0.472656 0.783203 0.472656 0.767578 0.470703 0.765625 0.470703 0.748047 0.472656 0.746094 0.472656 0.734375 0.474609 0.732422 0.474609 0.71875 0.472656 0.716797 0.472656 0.708984 0.470703 0.707031 0.470703 0.6875 0.46875 0.685547 0.46875 0.679688 0.466797 0.677734 0.466797 0.667969 0.46875 0.666016 0.46875 0.660156 0.470703 0.658203 0.470703 0.654297 0.472656 0.652344 0.472656 0.648438 0.474609 0.646484 0.474609 0.634766 0.476562 0.632812 0.476562 0.625 0.474609 0.623047 0.474609 0.603516 0.472656 0.601562 0.472656 0.595703 0.470703 0.59375 0.470703 0.589844 0.46875 0.587891 0.46875 0.552734 0.466797 0.550781 0.466797 0.53125 0.464844 0.529297 0.464844 0.519531 0.466797 0.517578 0.466797 0.509766 0.46875 0.507812 0.46875 0.484375 0.482422 0.496094 0.482422 0.492188 0.486328 0.488281 0.494141 0.488281 0.494141 0.498047 0.462891 0.855469 0.462891 0.851562 0.464844 0.849609 0.46875 0.853516
0 0.0175781 0.138672 0.015625 0.140625 0.0136719 0.140625 0.0117188 0.142578 0.00390625 0.142578 0.00390625 0.150391 0.0429688 0.150391 0.0429688 0.144531 0.0410156 0.142578 0.0410156 0.140625 0.0371094 0.140625 0.0351562 0.138672 0.0175781 0.138672 0.0273438 0.128906 0.0253906 0.128906 0.03125 0.123047 0.0332031 0.125 0.0449219 0.125 0.046875 0.123047 0.0507812 0.123047 0.0605469 0.113281 0.0605469 0.105469 0.046875 0.105469 0.046875 0.113281 0.0429688 0.117188 0.0410156 0.117188 0.0390625 0.119141 0.0332031 0.119141 0.03125 0.121094 0.03125 0.123047 0.0253906 0.128906 0.0273438 0.126953 0.0273438 0.128906
0 0.414062 0.503906 0.414062 0.509766 0.410156 0.513672 0.408203 0.513672 0.40625 0.515625 0.386719 0.515625 0.386719 0.521484 0.398438 0.521484 0.400391 0.519531 0.416016 0.519531 0.417969 0.517578 0.447266 0.517578 0.449219 0.515625 0.451172 0.517578 0.455078 0.517578 0.457031 0.519531 0.462891 0.519531 0.462891 0.503906
0 0.457031 0.488281 0.457031 0.611328 0.462891 0.611328 0.464844 0.613281 0.464844 0.615234 0.466797 0.617188 0.466797 0.638672 0.462891 0.642578 0.457031 0.642578 0.457031 0.767578 0.470703 0.767578 0.470703 0.755859 0.46875 0.753906 0.46875 0.751953 0.470703 0.75 0.470703 0.744141 0.472656 0.742188 0.472656 0.710938 0.470703 0.708984 0.470703 0.689453 0.46875 0.6875 0.46875 0.685547 0.466797 0.683594 0.466797 0.677734 0.464844 0.675781 0.464844 0.671875 0.466797 0.669922 0.466797 0.662109 0.46875 0.660156 0.46875 0.65625 0.470703 0.654297 0.470703 0.652344 0.472656 0.650391 0.472656 0.640625 0.474609 0.638672 0.474609 0.615234 0.472656 0.613281 0.472656 0.597656 0.470703 0.595703 0.470703 0.591797 0.46875 0.589844 0.46875 0.583984 0.466797 0.582031 0.466797 0.578125 0.46875 0.576172 0.46875 0.556641 0.466797 0.554688 0.466797 0.546875 0.464844 0.544922 0.464844 0.515625 0.466797 0.513672 0.466797 0.507812 0.46875 0.505859 0.46875 0.501953 0.470703 0.5 0.470703 0.498047 0.472656 0.496094 0.486328 0.496094 0.486328 0.488281
0 0.634766 0.425781 0.634766 0.439453 0.630859 0.443359 0.630859 0.445312 0.628906 0.447266 0.628906 0.449219 0.626953 0.451172 0.626953 0.453125 0.625 0.455078 0.625 0.458984 0.621094 0.462891 0.621094 0.464844 0.619141 0.466797 0.619141 0.46875 0.611328 0.476562 0.605469 0.476562 0.605469 0.486328 0.619141 0.486328 0.619141 0.480469 0.621094 0.478516 0.621094 0.476562 0.636719 0.460938 0.636719 0.458984 0.640625 0.455078 0.640625 0.447266 0.638672 0.445312 0.638672 0.443359 0.636719 0.441406 0.636719 0.4375 0.638672 0.435547 0.640625 0.435547 0.642578 0.433594 0.644531 0.433594 0.646484 0.431641 0.646484 0.425781
0 0.521484 0.277344 0.521484 0.283203 0.519531 0.285156 0.519531 0.287109 0.511719 0.294922 0.509766 0.294922 0.507812 0.296875 0.503906 0.296875 0.501953 0.298828 0.498047 0.298828 0.498047 0.300781 0.501953 0.300781 0.503906 0.302734 0.511719 0.302734 0.513672 0.300781 0.517578 0.300781 0.517578 0.298828 0.523438 0.292969 0.525391 0.292969 0.529297 0.289062 0.53125 0.289062 0.533203 0.287109 0.541016 0.287109 0.542969 0.285156 0.548828 0.285156 0.548828 0.277344
0 0.3125 0.822266 0.3125 0.828125 0.310547 0.830078 0.314453 0.833984 0.314453 0.835938 0.318359 0.839844 0.318359 0.855469 0.314453 0.859375 0.314453 0.861328 0.3125 0.863281 0.3125 0.865234 0.310547 0.867188 0.310547 0.869141 0.308594 0.871094 0.308594 0.873047 0.306641 0.875 0.306641 0.876953 0.304688 0.878906 0.304688 0.880859 0.302734 0.882812 0.302734 0.884766 0.300781 0.886719 0.300781 0.892578 0.298828 0.894531 0.298828 0.900391 0.296875 0.902344 0.296875 0.90625 0.294922 0.908203 0.294922 0.910156 0.292969 0.912109 0.291016 0.912109 0.285156 0.917969 0.283203 0.917969 0.277344 0.923828 0.269531 0.923828 0.269531 0.939453 0.28125 0.939453 0.28125 0.931641 0.285156 0.927734 0.287109 0.927734 0.291016 0.923828 0.292969 0.923828 0.296875 0.919922 0.298828 0.919922 0.300781 0.917969 0.300781 0.916016 0.302734 0.914062 0.302734 0.910156 0.304688 0.908203 0.304688 0.904297 0.306641 0.902344 0.306641 0.900391 0.308594 0.898438 0.308594 0.892578 0.310547 0.890625 0.310547 0.882812 0.314453 0.878906 0.314453 0.876953 0.320312 0.871094 0.320312 0.869141 0.324219 0.865234 0.324219 0.863281 0.326172 0.861328 0.326172 0.855469 0.328125 0.853516 0.328125 0.847656 0.326172 0.845703 0.326172 0.841797 0.324219 0.839844 0.324219 0.837891 0.322266 0.835938 0.322266 0.833984 0.320312 0.832031 0.320312 0.830078 0.328125 0.822266 0.326172 0.820312 0.316406 0.820312 0.314453 0.822266 0.3125 0.822266 0.304688 0.808594 0.306641 0.806641 0.306641 0.800781 0.294922 0.800781 0.294922 0.806641 0.298828 0.810547 0.300781 0.808594 0.304688 0.808594
0 0.464844 0.880859 0.460938 0.884766 0.460938 0.896484 0.462891 0.898438 0.462891 0.900391 0.464844 0.902344 0.464844 0.904297 0.466797 0.90625 0.466797 0.914062 0.46875 0.916016 0.46875 0.923828 0.470703 0.925781 0.470703 0.929688 0.474609 0.933594 0.474609 0.9375 0.476562 0.939453 0.476562 0.943359 0.478516 0.945312 0.478516 0.947266 0.480469 0.949219 0.480469 0.951172 0.482422 0.953125 0.482422 0.958984 0.484375 0.960938 0.484375 0.966797 0.486328 0.96875 0.486328 0.978516 0.501953 0.978516 0.501953 0.966797 0.496094 0.966797 0.492188 0.962891 0.492188 0.957031 0.490234 0.955078 0.490234 0.951172 0.488281 0.949219 0.488281 0.947266 0.486328 0.945312 0.486328 0.943359 0.484375 0.941406 0.484375 0.939453 0.482422 0.9375 0.482422 0.931641 0.480469 0.929688 0.480469 0.925781 0.478516 0.923828 0.478516 0.921875 0.476562 0.919922 0.476562 0.90625 0.474609 0.904297 0.474609 0.892578 0.472656 0.890625 0.472656 0.882812 0.470703 0.880859 0.464844 0.880859 0.466797 0.853516 0.466797 0.863281 0.464844 0.865234 0.460938 0.865234 0.458984 0.863281 0.458984 0.861328 0.462891 0.857422 0.462891 0.855469 0.490234 0.496094 0.484375 0.496094 0.46875 0.484375 0.466797 0.482422 0.466797 0.464844 0.46875 0.462891 0.46875 0.458984 0.470703 0.457031 0.470703 0.455078 0.474609 0.451172 0.474609 0.449219 0.476562 0.447266 0.476562 0.435547 0.474609 0.433594 0.474609 0.412109 0.476562 0.410156 0.476562 0.375 0.478516 0.373047 0.478516 0.369141 0.476562 0.367188 0.476562 0.359375 0.474609 0.357422 0.474609 0.349609 0.472656 0.347656 0.472656 0.34375 0.474609 0.341797 0.474609 0.3125 0.472656 0.310547 0.472656 0.289062 0.474609 0.287109 0.474609 0.279297 0.476562 0.277344 0.476562 0.273438 0.478516 0.271484 0.478516 0.269531 0.476562 0.267578 0.476562 0.263672 0.474609 0.261719 0.474609 0.242188 0.476562 0.240234 0.476562 0.222656 0.462891 0.222656 0.462891 0.261719 0.460938 0.263672 0.460938 0.277344 0.462891 0.279297 0.462891 0.306641 0.464844 0.308594 0.462891 0.310547 0.462891 0.349609 0.464844 0.351562 0.464844 0.355469 0.466797 0.357422 0.466797 0.365234 0.46875 0.367188 0.46875 0.421875 0.466797 0.423828 0.466797 0.443359 0.464844 0.445312 0.464844 0.447266 0.462891 0.449219 0.462891 0.453125 0.460938 0.455078 0.460938 0.474609 0.458984 0.476562 0.458984 0.5 0.455078 0.503906 0.449219 0.503906 0.449219 0.548828 0.455078 0.548828 0.457031 0.550781 0.457031 0.552734 0.458984 0.554688 0.458984 0.582031 0.460938 0.583984 0.460938 0.599609 0.462891 0.601562 0.462891 0.611328 0.464844 0.613281 0.464844 0.619141 0.466797 0.621094 0.466797 0.636719 0.464844 0.638672 0.464844 0.642578 0.462891 0.644531 0.462891 0.648438 0.460938 0.650391 0.460938 0.658203 0.458984 0.660156 0.458984 0.667969 0.455078 0.671875 0.449219 0.671875 0.449219 0.679688 0.455078 0.679688 0.457031 0.681641 0.457031 0.683594 0.458984 0.685547 0.458984 0.697266 0.460938 0.699219 0.460938 0.716797 0.462891 0.71875 0.462891 0.748047 0.460938 0.75 0.460938 0.787109 0.458984 0.789062 0.458984 0.792969 0.457031 0.794922 0.449219 0.794922 0.449219 0.810547 0.458984 0.810547 0.462891 0.814453 0.462891 0.828125 0.464844 0.830078 0.464844 0.835938 0.466797 0.833984 0.470703 0.833984 0.470703 0.830078 0.466797 0.826172 0.466797 0.822266 0.464844 0.820312 0.464844 0.808594 0.466797 0.806641 0.466797 0.798828 0.46875 0.796875 0.46875 0.792969 0.470703 0.791016 0.470703 0.783203 0.472656 0.78125 0.472656 0.767578 0.470703 0.765625 0.470703 0.748047 0.472656 0.746094 0.472656 0.734375 0.474609 0.732422 0.474609 0.71875 0.472656 0.716797 0.472656 0.705078 0.470703 0.703125 0.470703 0.6875 0.46875 0.685547 0.46875 0.677734 0.466797 0.675781 0.466797 0.667969 0.46875 0.666016 0.46875 0.660156 0.470703 0.658203 0.470703 0.654297 0.472656 0.652344 0.472656 0.648438 0.474609 0.646484 0.474609 0.634766 0.476562 0.632812 0.476562 0.625 0.474609 0.623047 0.474609 0.603516 0.472656 0.601562 0.472656 0.595703 0.470703 0.59375 0.470703 0.589844 0.46875 0.587891 0.46875 0.552734 0.466797 0.550781 0.466797 0.53125 0.464844 0.529297 0.464844 0.519531 0.466797 0.517578 0.466797 0.511719 0.46875 0.509766 0.46875 0.484375 0.484375 0.496094 0.484375 0.492188 0.488281 0.488281 0.490234 0.488281 0.492188 0.486328 0.501953 0.486328 0.501953 0.494141 0.492188 0.494141 0.490234 0.496094 0.462891 0.855469 0.464844 0.853516 0.464844 0.851562 0.466797 0.853516
0 0.324219 0.621094 0.324219 0.628906 0.337891 0.628906 0.339844 0.630859 0.369141 0.630859 0.369141 0.621094
0 0.0273438 0.126953 0.0253906 0.128906 0.0273438 0.128906 0.0273438 0.126953 0.0292969 0.121094 0.0332031 0.125 0.0449219 0.125 0.046875 0.123047 0.0507812 0.123047 0.0605469 0.113281 0.0605469 0.105469 0.046875 0.105469 0.046875 0.113281 0.0429688 0.117188 0.0410156 0.117188 0.0390625 0.119141 0.0332031 0.119141 0.03125 0.121094 0.0292969 0.121094
