0 0.386719 0.990234 0.388672 0.992188 0.388672 0.994141 0.390625 0.996094 0.390625 0.998047 0.402344 0.998047 0.402344 0.962891 0.400391 0.964844 0.400391 0.970703 0.398438 0.972656 0.398438 0.974609 0.386719 0.986328 0.386719 0.990234 0.337891 0.9375 0.339844 0.939453 0.339844 0.974609 0.341797 0.976562 0.341797 0.998047 0.324219 0.998047 0.324219 0.9375 0.404297 0.816406 0.404297 0.871094 0.402344 0.873047 0.402344 0.886719 0.400391 0.888672 0.400391 0.890625 0.337891 0.816406 0.324219 0.816406 0.324219 0.837891 0.332031 0.837891 0.335938 0.833984 0.335938 0.832031 0.337891 0.830078 0.337891 0.816406 0.400391 0.890625 0.398438 0.890625 0.396484 0.888672 0.394531 0.888672 0.394531 0.884766 0.392578 0.882812 0.392578 0.853516 0.390625 0.851562 0.390625 0.816406 0.404297 0.816406 0.324219 0.9375 0.332031 0.9375 0.333984 0.935547 0.335938 0.935547 0.337891 0.933594 0.337891 0.9375
0 0.714844 0.0742188 0.714844 0.126953 0.722656 0.126953 0.724609 0.125 0.724609 0.123047 0.726562 0.121094 0.726562 0.119141 0.724609 0.117188 0.724609 0.0839844 0.726562 0.0820312 0.726562 0.0742188
0 0.730469 0.285156 0.730469 0.302734 0.738281 0.302734 0.740234 0.304688 0.746094 0.304688 0.75 0.300781 0.75 0.296875 0.751953 0.294922 0.751953 0.292969 0.753906 0.291016 0.759766 0.291016 0.759766 0.285156
0 0.871094 0.660156 0.871094 0.720703 0.876953 0.720703 0.880859 0.724609 0.880859 0.726562 0.882812 0.728516 0.882812 0.748047 0.884766 0.75 0.884766 0.761719 0.886719 0.763672 0.886719 0.78125 0.884766 0.783203 0.884766 0.802734 0.882812 0.804688 0.882812 0.808594 0.880859 0.810547 0.880859 0.8125 0.878906 0.814453 0.871094 0.814453 0.871094 0.822266 0.886719 0.822266 0.886719 0.814453 0.892578 0.808594 0.900391 0.808594 0.900391 0.804688 0.894531 0.804688 0.890625 0.800781 0.890625 0.787109 0.894531 0.783203 0.900391 0.783203 0.900391 0.755859 0.892578 0.755859 0.890625 0.753906 0.890625 0.748047 0.892578 0.746094 0.892578 0.736328 0.890625 0.734375 0.890625 0.732422 0.888672 0.730469 0.888672 0.693359 0.886719 0.691406 0.886719 0.675781 0.888672 0.673828 0.888672 0.660156
0 0.566406 0.425781 0.566406 0.4375 0.572266 0.4375 0.576172 0.441406 0.576172 0.443359 0.578125 0.445312 0.578125 0.453125 0.580078 0.455078 0.580078 0.470703 0.582031 0.470703 0.582031 0.462891 0.583984 0.460938 0.583984 0.449219 0.585938 0.447266 0.585938 0.425781
0 0.402344 0.957031 0.400391 0.958984 0.400391 0.96875 0.398438 0.970703 0.398438 0.972656 0.390625 0.980469 0.390625 0.982422 0.386719 0.986328 0.386719 0.992188 0.390625 0.996094 0.390625 0.998047 0.402344 0.998047 0.402344 0.957031 0.402344 0.949219 0.400391 0.892578 0.400391 0.890625 0.402344 0.888672 0.402344 0.876953 0.404297 0.875 0.404297 0.826172 0.40625 0.824219 0.40625 0.816406 0.390625 0.816406 0.390625 0.857422 0.392578 0.859375 0.392578 0.884766 0.394531 0.886719 0.394531 0.890625 0.398438 0.890625 0.400391 0.892578 0.402344 0.949219 0.402344 0.949219
0 0.261719 0.285156 0.261719 0.304688 0.269531 0.304688 0.271484 0.302734 0.271484 0.300781 0.28125 0.291016 0.28125 0.285156
0 0.925781 0.269531 0.925781 0.292969 0.931641 0.292969 0.935547 0.296875 0.935547 0.298828 0.9375 0.300781 0.9375 0.302734 0.939453 0.304688 0.941406 0.304688 0.943359 0.306641 0.945312 0.306641 0.947266 0.308594 0.947266 0.314453 0.955078 0.314453 0.955078 0.296875 0.947266 0.296875 0.945312 0.294922 0.945312 0.292969 0.943359 0.291016 0.943359 0.289062 0.941406 0.287109 0.941406 0.285156 0.939453 0.283203 0.9375 0.283203 0.935547 0.28125 0.935547 0.279297 0.933594 0.277344 0.933594 0.269531
0 0.402344 0.958984 0.400391 0.960938 0.400391 0.96875 0.398438 0.970703 0.398438 0.974609 0.394531 0.978516 0.392578 0.978516 0.392578 0.980469 0.386719 0.986328 0.386719 0.990234 0.388672 0.992188 0.388672 0.994141 0.390625 0.996094 0.390625 0.998047 0.402344 0.998047 0.402344 0.958984 0.400391 0.890625 0.402344 0.888672 0.402344 0.875 0.404297 0.873047 0.404297 0.824219 0.40625 0.822266 0.40625 0.816406 0.390625 0.816406 0.390625 0.853516 0.392578 0.855469 0.392578 0.884766 0.394531 0.886719 0.394531 0.888672 0.396484 0.890625 0.400391 0.890625
0 0.324219 0.941406 0.324219 0.998047 0.341797 0.998047 0.341797 0.972656 0.339844 0.970703 0.339844 0.941406
0 0.925781 0.285156 0.925781 0.292969 0.931641 0.292969 0.9375 0.298828 0.9375 0.302734 0.939453 0.304688 0.943359 0.304688 0.947266 0.308594 0.947266 0.314453 0.955078 0.314453 0.955078 0.296875 0.947266 0.296875 0.945312 0.294922 0.945312 0.285156
0 0.871094 0.652344 0.871094 0.720703 0.878906 0.720703 0.880859 0.722656 0.880859 0.724609 0.882812 0.726562 0.882812 0.736328 0.888672 0.736328 0.888672 0.689453 0.886719 0.6875 0.886719 0.679688 0.888672 0.677734 0.888672 0.652344
0 0.566406 0.425781 0.566406 0.4375 0.572266 0.4375 0.576172 0.441406 0.576172 0.443359 0.578125 0.445312 0.578125 0.455078 0.583984 0.455078 0.583984 0.447266 0.585938 0.445312 0.585938 0.425781
0 0.980469 0.957031 0.980469 0.998047 0.998047 0.998047 0.998047 0.994141 0.996094 0.994141 0.994141 0.992188 0.994141 0.988281 0.992188 0.986328 0.992188 0.982422 0.990234 0.980469 0.990234 0.974609 0.988281 0.972656 0.988281 0.966797 0.986328 0.964844 0.986328 0.957031
0 0.628906 0 0.628906 0.0410156 0.640625 0.0410156 0.640625 0.0214844 0.642578 0.0195312 0.642578 0.0175781 0.640625 0.015625 0.640625 0.0078125 0.638672 0.00585938 0.638672 0
0 0.337891 0.931641 0.335938 0.933594 0.333984 0.933594 0.332031 0.935547 0.324219 0.935547 0.324219 0.998047 0.341797 0.998047 0.341797 0.972656 0.339844 0.970703 0.339844 0.933594 0.337891 0.931641 0.330078 0.84375 0.333984 0.839844 0.333984 0.837891 0.337891 0.833984 0.337891 0.818359 0.339844 0.816406 0.339844 0.808594 0.324219 0.808594 0.324219 0.84375 0.330078 0.84375
0 0.824219 0.285156 0.824219 0.291016 0.830078 0.291016 0.833984 0.294922 0.833984 0.296875 0.835938 0.298828 0.835938 0.302734 0.837891 0.304688 0.84375 0.304688 0.84375 0.298828 0.845703 0.296875 0.845703 0.285156
0 0.199219 0.308594 0.199219 0.423828 0.210938 0.423828 0.210938 0.402344 0.212891 0.400391 0.212891 0.394531 0.214844 0.392578 0.220703 0.392578 0.220703 0.308594
0 0.675781 0.292969 0.675781 0.314453 0.6875 0.314453 0.6875 0.292969
0 0.335938 0.933594 0.333984 0.935547 0.332031 0.935547 0.332031 0.939453 0.330078 0.941406 0.330078 0.949219 0.328125 0.951172 0.328125 0.990234 0.326172 0.992188 0.326172 0.998047 0.341797 0.998047 0.341797 0.972656 0.339844 0.970703 0.339844 0.9375 0.337891 0.935547 0.337891 0.933594 0.335938 0.933594 0.332031 0.839844 0.335938 0.835938 0.335938 0.833984 0.337891 0.832031 0.337891 0.816406 0.328125 0.816406 0.328125 0.826172 0.330078 0.828125 0.330078 0.835938 0.332031 0.837891 0.332031 0.839844
0 0.736328 0.292969 0.736328 0.300781 0.738281 0.302734 0.740234 0.302734 0.742188 0.304688 0.746094 0.304688 0.75 0.300781 0.75 0.292969
