0 0.761719 0.925781 0.761719 0.998047 0.783203 0.998047 0.783203 0.966797 0.777344 0.966797 0.775391 0.964844 0.775391 0.960938 0.777344 0.958984 0.783203 0.958984 0.783203 0.955078 0.777344 0.955078 0.775391 0.953125 0.775391 0.949219 0.773438 0.947266 0.773438 0.935547 0.771484 0.933594 0.771484 0.925781
0 0.746094 0.535156 0.746094 0.580078 0.751953 0.580078 0.751953 0.574219 0.753906 0.572266 0.753906 0.570312 0.759766 0.564453 0.759766 0.546875 0.761719 0.544922 0.767578 0.544922 0.767578 0.535156
0 0.847656 0.699219 0.847656 0.767578 0.855469 0.767578 0.855469 0.763672 0.857422 0.761719 0.857422 0.699219
0 0.763672 0.925781 0.763672 0.939453 0.765625 0.941406 0.765625 0.972656 0.767578 0.974609 0.767578 0.992188 0.765625 0.994141 0.765625 0.998047 0.773438 0.998047 0.773438 0.996094 0.775391 0.994141 0.783203 0.994141 0.783203 0.966797 0.777344 0.966797 0.775391 0.964844 0.775391 0.962891 0.777344 0.960938 0.783203 0.960938 0.783203 0.955078 0.777344 0.955078 0.775391 0.953125 0.775391 0.947266 0.773438 0.945312 0.773438 0.933594 0.771484 0.931641 0.771484 0.925781
0 0.00390625 0.300781 0.00390625 0.320312 0.0449219 0.320312 0.046875 0.318359 0.0859375 0.318359 0.0878906 0.320312 0.0957031 0.320312 0.0976562 0.322266 0.0996094 0.320312 0.107422 0.320312 0.109375 0.318359 0.128906 0.318359 0.130859 0.316406 0.136719 0.316406 0.138672 0.314453 0.146484 0.314453 0.148438 0.3125 0.154297 0.3125 0.15625 0.310547 0.169922 0.310547 0.171875 0.3125 0.189453 0.3125 0.189453 0.300781
0 0.269531 0.402344 0.269531 0.431641 0.28125 0.431641 0.28125 0.425781 0.283203 0.423828 0.283203 0.421875 0.285156 0.419922 0.285156 0.416016 0.287109 0.414062 0.289062 0.414062 0.291016 0.412109 0.300781 0.412109 0.302734 0.410156 0.314453 0.410156 0.314453 0.402344
0 0.371094 0.769531 0.371094 0.787109 0.376953 0.787109 0.380859 0.783203 0.382812 0.783203 0.384766 0.78125 0.386719 0.78125 0.388672 0.783203 0.390625 0.783203 0.392578 0.785156 0.453125 0.785156 0.455078 0.787109 0.458984 0.787109 0.460938 0.789062 0.462891 0.789062 0.464844 0.791016 0.466797 0.789062 0.470703 0.789062 0.472656 0.787109 0.476562 0.787109 0.478516 0.785156 0.492188 0.785156 0.494141 0.783203 0.515625 0.783203 0.517578 0.785156 0.523438 0.785156 0.525391 0.783203 0.544922 0.783203 0.546875 0.78125 0.554688 0.78125 0.556641 0.779297 0.560547 0.779297 0.5625 0.777344 0.564453 0.777344 0.566406 0.775391 0.572266 0.775391 0.572266 0.769531
0 0.84375 0.308594 0.84375 0.314453 0.849609 0.314453 0.851562 0.316406 0.958984 0.316406 0.960938 0.314453 0.988281 0.314453 0.988281 0.308594 0.84375 0.308594 0.835938 0.308594 0.835938 0.314453 0.818359 0.314453 0.816406 0.316406 0.806641 0.316406 0.804688 0.314453 0.769531 0.314453 0.767578 0.316406 0.681641 0.316406 0.679688 0.314453 0.654297 0.314453 0.654297 0.308594 0.585938 0.308594 0.457031 0.308594 0.457031 0.314453 0.458984 0.314453 0.460938 0.316406 0.492188 0.316406 0.494141 0.318359 0.501953 0.318359 0.503906 0.320312 0.507812 0.320312 0.509766 0.322266 0.53125 0.322266 0.533203 0.320312 0.535156 0.320312 0.537109 0.318359 0.539062 0.318359 0.541016 0.316406 0.580078 0.316406 0.582031 0.314453 0.585938 0.314453 0.585938 0.308594 0.654297 0.308594 0.835938 0.308594
0 0.472656 0.601562 0.472656 0.611328 0.478516 0.611328 0.478516 0.601562 0.472656 0.601562 0.472656 0.59375 0.478516 0.59375 0.478516 0.589844 0.480469 0.587891 0.480469 0.568359 0.478516 0.566406 0.478516 0.550781 0.480469 0.548828 0.480469 0.546875 0.486328 0.541016 0.486328 0.535156 0.472656 0.535156 0.472656 0.59375
0 0.804688 0.769531 0.804688 0.783203 0.822266 0.783203 0.822266 0.769531 0.804688 0.769531 0.773438 0.769531 0.746094 0.769531 0.746094 0.783203 0.773438 0.783203 0.773438 0.769531
0 0.767578 0.917969 0.767578 0.923828 0.765625 0.925781 0.765625 0.927734 0.763672 0.929688 0.763672 0.939453 0.765625 0.941406 0.765625 0.972656 0.767578 0.974609 0.767578 0.992188 0.765625 0.994141 0.765625 0.998047 0.775391 0.998047 0.775391 0.996094 0.777344 0.994141 0.783203 0.994141 0.783203 0.966797 0.777344 0.966797 0.775391 0.964844 0.775391 0.962891 0.777344 0.960938 0.783203 0.960938 0.783203 0.955078 0.777344 0.955078 0.775391 0.953125 0.775391 0.945312 0.773438 0.943359 0.773438 0.933594 0.771484 0.931641 0.771484 0.929688 0.769531 0.927734 0.769531 0.917969
0 0.738281 0.535156 0.738281 0.542969 0.746094 0.542969 0.748047 0.544922 0.748047 0.546875 0.75 0.548828 0.75 0.550781 0.751953 0.552734 0.751953 0.572266 0.757812 0.572266 0.757812 0.5625 0.759766 0.560547 0.759766 0.546875 0.761719 0.544922 0.767578 0.544922 0.767578 0.535156
0 0.460938 0.316406 0.492188 0.316406 0.494141 0.318359 0.501953 0.318359 0.503906 0.320312 0.505859 0.320312 0.507812 0.322266 0.53125 0.322266 0.533203 0.320312 0.535156 0.320312 0.537109 0.318359 0.539062 0.318359 0.541016 0.316406 0.570312 0.316406 0.539062 0.316406 0.537109 0.314453 0.462891 0.314453 0.460938 0.316406 0.349609 0.314453 0.851562 0.314453 0.681641 0.314453 0.658203 0.314453 0.681641 0.314453 0.683594 0.3125 0.763672 0.3125 0.765625 0.314453 0.158203 0.300781 0.158203 0.306641 0.154297 0.306641 0.152344 0.308594 0.148438 0.308594 0.146484 0.310547 0.138672 0.310547 0.136719 0.3125 0.132812 0.3125 0.130859 0.314453 0.113281 0.314453 0.105469 0.306641 0.0878906 0.300781 0.00585938 0.300781 0.00585938 0.306641 0.00195312 0.310547 0 0.310547 0 0.318359 0.00585938 0.318359 0.0078125 0.320312 0.0390625 0.320312 0.0410156 0.318359 0.0566406 0.318359 0.0585938 0.316406 0.0859375 0.316406 0.0878906 0.314453 0.0878906 0.300781 0.105469 0.306641 0.105469 0.300781 0.158203 0.300781 0.765625 0.314453 0.796875 0.314453 0.798828 0.3125 0.804688 0.3125 0.806641 0.310547 0.814453 0.310547 0.816406 0.3125 0.820312 0.3125 0.822266 0.314453 0.833984 0.314453 0.769531 0.314453 0.767578 0.316406 0.683594 0.316406 0.681641 0.314453 0.851562 0.314453 0.853516 0.316406 0.960938 0.316406 0.962891 0.314453 0.986328 0.314453 0.984375 0.314453 0.982422 0.3125 0.978516 0.3125 0.976562 0.310547 0.912109 0.310547 0.910156 0.3125 0.861328 0.3125 0.859375 0.314453 0.851562 0.314453 0.349609 0.314453 0.322266 0.314453 0.320312 0.3125 0.314453 0.3125 0.3125 0.314453 0.308594 0.314453 0.306641 0.316406 0.308594 0.318359 0.310547 0.318359 0.3125 0.320312 0.316406 0.320312 0.320312 0.316406 0.335938 0.316406 0.337891 0.314453 0.349609 0.314453
