0 0.634766 0.816406 0.634766 0.822266 0.626953 0.830078 0.621094 0.830078 0.621094 0.876953 0.630859 0.876953 0.630859 0.871094 0.634766 0.867188 0.634766 0.849609 0.636719 0.847656 0.636719 0.845703 0.638672 0.84375 0.638672 0.841797 0.640625 0.839844 0.640625 0.837891 0.652344 0.826172 0.666016 0.826172 0.666016 0.816406
0 0.462891 0.714844 0.458984 0.71875 0.457031 0.71875 0.455078 0.720703 0.449219 0.720703 0.449219 0.732422 0.455078 0.732422 0.457031 0.734375 0.457031 0.736328 0.458984 0.738281 0.458984 0.746094 0.460938 0.748047 0.460938 0.759766 0.458984 0.761719 0.458984 0.769531 0.455078 0.773438 0.449219 0.773438 0.449219 0.833984 0.455078 0.833984 0.458984 0.837891 0.458984 0.839844 0.455078 0.84375 0.449219 0.84375 0.449219 0.869141 0.457031 0.869141 0.458984 0.871094 0.458984 0.876953 0.46875 0.876953 0.46875 0.863281 0.466797 0.861328 0.466797 0.853516 0.464844 0.851562 0.464844 0.84375 0.466797 0.841797 0.466797 0.802734 0.464844 0.800781 0.464844 0.798828 0.466797 0.796875 0.466797 0.738281 0.464844 0.736328 0.464844 0.716797 0.462891 0.714844 0.462891 0.710938 0.464844 0.710938 0.464844 0.705078 0.466797 0.703125 0.466797 0.695312 0.464844 0.693359 0.464844 0.691406 0.462891 0.689453 0.462891 0.681641 0.464844 0.679688 0.464844 0.652344 0.466797 0.650391 0.466797 0.628906 0.449219 0.628906 0.449219 0.662109 0.457031 0.662109 0.458984 0.664062 0.458984 0.666016 0.460938 0.667969 0.460938 0.673828 0.462891 0.675781 0.462891 0.6875 0.458984 0.691406 0.457031 0.691406 0.455078 0.693359 0.449219 0.693359 0.449219 0.697266 0.455078 0.697266 0.457031 0.699219 0.458984 0.699219 0.460938 0.701172 0.460938 0.703125 0.462891 0.705078 0.462891 0.710938
0 0.0429688 0.00390625 0.0429688 0.0332031 0.0488281 0.0332031 0.0507812 0.0351562 0.0507812 0.0449219 0.0527344 0.046875 0.0527344 0.0546875 0.0546875 0.0566406 0.0546875 0.0585938 0.0527344 0.0605469 0.0527344 0.0644531 0.0488281 0.0683594 0.0429688 0.0683594 0.0429688 0.0761719 0.0488281 0.0761719 0.0507812 0.078125 0.0585938 0.078125 0.0605469 0.0761719 0.0722656 0.0761719 0.0722656 0.0625 0.0664062 0.0625 0.0625 0.0585938 0.0625 0.0566406 0.0605469 0.0546875 0.0605469 0.0253906 0.0585938 0.0234375 0.0585938 0.0195312 0.0566406 0.0175781 0.0566406 0.015625 0.0507812 0.00976562 0.0507812 0.00390625
0 0.324219 0.175781 0.324219 0.228516 0.332031 0.228516 0.333984 0.230469 0.333984 0.232422 0.337891 0.236328 0.337891 0.244141 0.339844 0.246094 0.339844 0.248047 0.341797 0.25 0.341797 0.251953 0.34375 0.253906 0.34375 0.259766 0.376953 0.259766 0.376953 0.251953 0.367188 0.251953 0.365234 0.25 0.361328 0.25 0.357422 0.246094 0.355469 0.246094 0.349609 0.240234 0.349609 0.232422 0.347656 0.230469 0.347656 0.222656 0.345703 0.220703 0.345703 0.21875 0.341797 0.214844 0.341797 0.212891 0.339844 0.210938 0.339844 0.208984 0.337891 0.207031 0.337891 0.205078 0.335938 0.203125 0.335938 0.197266 0.339844 0.193359 0.339844 0.191406 0.341797 0.189453 0.341797 0.1875 0.347656 0.181641 0.347656 0.175781
0 0.847656 0.824219 0.847656 0.865234 0.855469 0.865234 0.857422 0.867188 0.863281 0.867188 0.863281 0.863281 0.865234 0.861328 0.865234 0.841797 0.863281 0.839844 0.863281 0.832031 0.861328 0.830078 0.861328 0.824219
0 0.964844 0 0.964844 0.0800781 0.978516 0.0800781 0.978516 0.0742188 0.980469 0.0722656 0.980469 0.0703125 0.982422 0.0683594 0.982422 0.0644531 0.984375 0.0625 0.984375 0.0585938 0.986328 0.0566406 0.986328 0.0390625 0.984375 0.0371094 0.984375 0.0292969 0.982422 0.0273438 0.982422 0.0136719 0.984375 0.0117188 0.984375 0
0 0.863281 0.871094 0.863281 0.880859 0.871094 0.880859 0.873047 0.882812 0.873047 0.884766 0.880859 0.892578 0.880859 0.894531 0.884766 0.898438 0.884766 0.900391 0.888672 0.904297 0.888672 0.90625 0.892578 0.910156 0.892578 0.912109 0.898438 0.917969 0.898438 0.923828 0.90625 0.923828 0.90625 0.917969 0.908203 0.916016 0.908203 0.914062 0.910156 0.912109 0.910156 0.908203 0.912109 0.90625 0.912109 0.896484 0.914062 0.894531 0.914062 0.890625 0.912109 0.888672 0.912109 0.886719 0.917969 0.880859 0.919922 0.880859 0.921875 0.878906 0.9375 0.878906 0.939453 0.876953 0.943359 0.876953 0.943359 0.871094
0 0.0488281 0.0117188 0.0488281 0.0136719 0.046875 0.015625 0.046875 0.0214844 0.0488281 0.0234375 0.0488281 0.0253906 0.0507812 0.0273438 0.0507812 0.0332031 0.0527344 0.0351562 0.0527344 0.0488281 0.0546875 0.0507812 0.0546875 0.0546875 0.0566406 0.0566406 0.0566406 0.0585938 0.0546875 0.0605469 0.0546875 0.0644531 0.0507812 0.0683594 0.046875 0.0683594 0.0449219 0.0703125 0.0351562 0.0703125 0.0351562 0.0800781 0.0429688 0.0800781 0.0449219 0.078125 0.0507812 0.078125 0.0527344 0.0761719 0.0722656 0.0761719 0.0722656 0.0644531 0.0664062 0.0644531 0.0605469 0.0585938 0.0605469 0.0273438 0.0585938 0.0253906 0.0585938 0.0195312 0.0507812 0.0117188
0 0.150391 0.791016 0.150391 0.794922 0.148438 0.796875 0.148438 0.798828 0.146484 0.800781 0.144531 0.800781 0.142578 0.802734 0.138672 0.802734 0.136719 0.804688 0.134766 0.804688 0.132812 0.806641 0.130859 0.806641 0.128906 0.808594 0.128906 0.814453 0.158203 0.814453 0.158203 0.791016 0.150391 0.791016 0.134766 0.755859 0.134766 0.742188 0.136719 0.740234 0.136719 0.736328 0.138672 0.734375 0.138672 0.732422 0.140625 0.730469 0.140625 0.724609 0.138672 0.722656 0.138672 0.714844 0.107422 0.714844 0.107422 0.728516 0.111328 0.728516 0.113281 0.730469 0.117188 0.730469 0.119141 0.732422 0.121094 0.732422 0.125 0.736328 0.125 0.738281 0.126953 0.740234 0.126953 0.753906 0.128906 0.755859 0.134766 0.755859
0 0.542969 0.558594 0.542969 0.583984 0.550781 0.583984 0.552734 0.585938 0.552734 0.587891 0.554688 0.589844 0.554688 0.601562 0.556641 0.603516 0.556641 0.623047 0.558594 0.625 0.564453 0.625 0.566406 0.626953 0.572266 0.626953 0.572266 0.619141 0.566406 0.619141 0.560547 0.613281 0.560547 0.605469 0.558594 0.603516 0.558594 0.585938 0.556641 0.583984 0.556641 0.574219 0.560547 0.570312 0.5625 0.570312 0.564453 0.568359 0.572266 0.568359 0.572266 0.558594
0 0.277344 0.941406 0.277344 0.962891 0.283203 0.962891 0.287109 0.966797 0.287109 0.96875 0.289062 0.970703 0.289062 0.974609 0.291016 0.976562 0.291016 0.980469 0.296875 0.986328 0.296875 0.998047 0.302734 0.998047 0.302734 0.992188 0.300781 0.990234 0.300781 0.970703 0.298828 0.96875 0.298828 0.966797 0.296875 0.964844 0.296875 0.960938 0.294922 0.958984 0.294922 0.955078 0.289062 0.949219 0.289062 0.941406
0 0.628906 0.816406 0.628906 0.851562 0.634766 0.851562 0.634766 0.849609 0.636719 0.847656 0.636719 0.84375 0.640625 0.839844 0.640625 0.837891 0.652344 0.826172 0.664062 0.826172 0.666016 0.824219 0.669922 0.824219 0.671875 0.822266 0.671875 0.816406
0 0.324219 0.175781 0.324219 0.228516 0.332031 0.228516 0.333984 0.230469 0.333984 0.232422 0.337891 0.236328 0.337891 0.240234 0.339844 0.242188 0.339844 0.248047 0.341797 0.25 0.341797 0.251953 0.34375 0.251953 0.345703 0.253906 0.351562 0.253906 0.353516 0.255859 0.359375 0.255859 0.361328 0.257812 0.367188 0.257812 0.369141 0.259766 0.369141 0.267578 0.380859 0.267578 0.380859 0.259766 0.384766 0.255859 0.384766 0.251953 0.369141 0.251953 0.367188 0.25 0.361328 0.25 0.357422 0.246094 0.355469 0.246094 0.349609 0.240234 0.349609 0.232422 0.347656 0.230469 0.347656 0.222656 0.345703 0.220703 0.345703 0.21875 0.341797 0.214844 0.341797 0.212891 0.337891 0.208984 0.337891 0.207031 0.335938 0.205078 0.335938 0.197266 0.337891 0.195312 0.337891 0.193359 0.341797 0.189453 0.341797 0.1875 0.347656 0.181641 0.347656 0.175781
0 0.142578 0.505859 0.138672 0.509766 0.138672 0.511719 0.140625 0.513672 0.140625 0.517578 0.142578 0.519531 0.142578 0.521484 0.146484 0.525391 0.146484 0.527344 0.148438 0.529297 0.148438 0.539062 0.150391 0.541016 0.150391 0.550781 0.148438 0.552734 0.148438 0.560547 0.146484 0.5625 0.146484 0.566406 0.148438 0.568359 0.148438 0.576172 0.146484 0.578125 0.146484 0.582031 0.144531 0.583984 0.144531 0.589844 0.142578 0.591797 0.142578 0.597656 0.138672 0.601562 0.136719 0.601562 0.134766 0.603516 0.132812 0.603516 0.128906 0.607422 0.121094 0.607422 0.121094 0.626953 0.128906 0.626953 0.132812 0.623047 0.132812 0.621094 0.150391 0.603516 0.150391 0.599609 0.152344 0.597656 0.152344 0.585938 0.154297 0.583984 0.154297 0.580078 0.15625 0.578125 0.15625 0.576172 0.158203 0.574219 0.158203 0.572266 0.15625 0.570312 0.15625 0.554688 0.158203 0.552734 0.166016 0.552734 0.166016 0.507812 0.160156 0.507812 0.160156 0.509766 0.15625 0.513672 0.154297 0.513672 0.152344 0.515625 0.144531 0.507812 0.144531 0.505859
0 0.542969 0.558594 0.542969 0.585938 0.550781 0.585938 0.552734 0.587891 0.552734 0.591797 0.554688 0.59375 0.554688 0.621094 0.556641 0.623047 0.556641 0.625 0.560547 0.625 0.564453 0.628906 0.564453 0.634766 0.572266 0.634766 0.572266 0.617188 0.566406 0.617188 0.560547 0.611328 0.560547 0.595703 0.558594 0.59375 0.558594 0.583984 0.556641 0.582031 0.556641 0.578125 0.558594 0.576172 0.558594 0.572266 0.560547 0.570312 0.560547 0.568359 0.5625 0.566406 0.564453 0.566406 0.566406 0.564453 0.572266 0.564453 0.572266 0.558594
0 0.152344 0.791016 0.150391 0.792969 0.150391 0.796875 0.144531 0.802734 0.140625 0.802734 0.138672 0.804688 0.136719 0.804688 0.134766 0.806641 0.132812 0.806641 0.132812 0.808594 0.134766 0.808594 0.136719 0.810547 0.158203 0.810547 0.158203 0.791016 0.152344 0.791016 0.134766 0.755859 0.134766 0.744141 0.136719 0.742188 0.136719 0.736328 0.138672 0.734375 0.138672 0.732422 0.140625 0.730469 0.140625 0.726562 0.138672 0.724609 0.138672 0.722656 0.136719 0.720703 0.130859 0.720703 0.128906 0.71875 0.123047 0.71875 0.121094 0.716797 0.119141 0.716797 0.117188 0.714844 0.117188 0.712891 0.115234 0.710938 0.115234 0.703125 0.113281 0.701172 0.113281 0.695312 0.115234 0.693359 0.115234 0.673828 0.113281 0.671875 0.113281 0.652344 0.0976562 0.652344 0.0976562 0.703125 0.103516 0.703125 0.107422 0.707031 0.107422 0.724609 0.109375 0.726562 0.109375 0.728516 0.113281 0.728516 0.115234 0.730469 0.117188 0.730469 0.119141 0.732422 0.121094 0.732422 0.125 0.736328 0.125 0.738281 0.126953 0.740234 0.126953 0.753906 0.128906 0.755859 0.134766 0.755859
0 0.0429688 0.941406 0.0429688 0.951172 0.0488281 0.951172 0.0507812 0.953125 0.0507812 0.957031 0.0527344 0.958984 0.0527344 0.972656 0.0488281 0.976562 0.0429688 0.976562 0.0429688 0.998047 0.0605469 0.998047 0.0605469 0.980469 0.0625 0.978516 0.0625 0.976562 0.0664062 0.972656 0.0722656 0.972656 0.0722656 0.955078 0.0664062 0.955078 0.0625 0.951172 0.0625 0.941406
0 0.472656 0.183594 0.472656 0.189453 0.478516 0.189453 0.478516 0.183594 0.472656 0.183594 0.453125 0.183594 0.425781 0.183594 0.425781 0.189453 0.416016 0.199219 0.410156 0.199219 0.410156 0.220703 0.416016 0.220703 0.416016 0.21875 0.417969 0.216797 0.417969 0.214844 0.419922 0.212891 0.419922 0.210938 0.4375 0.193359 0.441406 0.193359 0.443359 0.191406 0.449219 0.191406 0.451172 0.189453 0.453125 0.189453 0.453125 0.183594
0 0.662109 0 0.662109 0.0195312 0.664062 0.0214844 0.664062 0.0429688 0.658203 0.0488281 0.652344 0.0488281 0.652344 0.0722656 0.664062 0.0722656 0.664062 0.0664062 0.666016 0.0644531 0.666016 0.0625 0.667969 0.0605469 0.667969 0.0566406 0.669922 0.0546875 0.669922 0.0449219 0.671875 0.0429688 0.671875 0.0390625 0.675781 0.0351562 0.681641 0.0351562 0.681641 0.0332031 0.675781 0.0332031 0.671875 0.0292969 0.671875 0
0 0.769531 0.261719 0.769531 0.380859 0.785156 0.380859 0.787109 0.378906 0.789062 0.378906 0.789062 0.375 0.787109 0.373047 0.787109 0.369141 0.785156 0.367188 0.785156 0.359375 0.783203 0.357422 0.783203 0.298828 0.78125 0.296875 0.78125 0.283203 0.783203 0.28125 0.783203 0.275391 0.785156 0.273438 0.785156 0.269531 0.787109 0.267578 0.787109 0.261719
0 0.355469 0.0898438 0.355469 0.128906 0.361328 0.128906 0.363281 0.126953 0.363281 0.123047 0.365234 0.121094 0.365234 0.107422 0.363281 0.105469 0.363281 0.0898438
0 0.144531 0.175781 0.144531 0.259766 0.150391 0.259766 0.154297 0.263672 0.154297 0.265625 0.15625 0.267578 0.158203 0.267578 0.160156 0.269531 0.160156 0.271484 0.162109 0.273438 0.162109 0.277344 0.164062 0.279297 0.164062 0.285156 0.166016 0.287109 0.166016 0.294922 0.167969 0.296875 0.167969 0.304688 0.169922 0.306641 0.169922 0.341797 0.167969 0.34375 0.167969 0.347656 0.162109 0.353516 0.162109 0.355469 0.15625 0.361328 0.144531 0.361328 0.152344 0.361328 0.154297 0.363281 0.160156 0.363281 0.162109 0.365234 0.162109 0.367188 0.164062 0.369141 0.164062 0.376953 0.173828 0.376953 0.173828 0.369141 0.175781 0.367188 0.175781 0.365234 0.177734 0.363281 0.177734 0.349609 0.175781 0.347656 0.175781 0.341797 0.177734 0.339844 0.177734 0.285156 0.179688 0.283203 0.179688 0.271484 0.181641 0.269531 0.181641 0.267578 0.183594 0.265625 0.189453 0.265625 0.189453 0.253906 0.181641 0.253906 0.179688 0.251953 0.173828 0.251953 0.171875 0.25 0.166016 0.25 0.15625 0.240234 0.15625 0.238281 0.154297 0.236328 0.154297 0.212891 0.152344 0.210938 0.152344 0.175781
0 0.623047 0.628906 0.623047 0.634766 0.642578 0.634766 0.642578 0.623047 0.630859 0.623047 0.628906 0.625 0.626953 0.625 0.623047 0.628906 0.597656 0.621094 0.59375 0.621094 0.566406 0.619141 0.564453 0.619141 0.560547 0.615234 0.560547 0.613281 0.558594 0.611328 0.558594 0.587891 0.556641 0.585938 0.556641 0.574219 0.560547 0.570312 0.5625 0.570312 0.564453 0.568359 0.572266 0.568359 0.574219 0.566406 0.589844 0.566406 0.591797 0.568359 0.615234 0.568359 0.617188 0.566406 0.621094 0.566406 0.623047 0.568359 0.625 0.568359 0.628906 0.572266 0.628906 0.574219 0.626953 0.576172 0.626953 0.583984 0.628906 0.585938 0.632812 0.582031 0.632812 0.578125 0.628906 0.574219 0.628906 0.572266 0.632812 0.568359 0.634766 0.568359 0.636719 0.566406 0.642578 0.566406 0.642578 0.558594 0.542969 0.558594 0.542969 0.583984 0.550781 0.583984 0.554688 0.587891 0.554688 0.595703 0.556641 0.597656 0.556641 0.621094 0.558594 0.623047 0.560547 0.623047 0.5625 0.625 0.566406 0.625 0.566406 0.619141 0.59375 0.621094 0.597656 0.621094
0 0.902344 0.558594 0.902344 0.568359 0.976562 0.568359 0.978516 0.566406 0.998047 0.566406 0.998047 0.558594
0 0.230469 0.808594 0.230469 0.814453 0.240234 0.814453 0.242188 0.816406 0.244141 0.816406 0.25 0.822266 0.25 0.826172 0.248047 0.828125 0.248047 0.837891 0.244141 0.841797 0.244141 0.84375 0.242188 0.845703 0.242188 0.847656 0.240234 0.849609 0.240234 0.851562 0.238281 0.853516 0.230469 0.853516 0.230469 0.876953 0.246094 0.876953 0.246094 0.867188 0.244141 0.865234 0.244141 0.863281 0.246094 0.861328 0.246094 0.857422 0.248047 0.855469 0.248047 0.853516 0.253906 0.847656 0.253906 0.845703 0.255859 0.84375 0.255859 0.837891 0.257812 0.835938 0.257812 0.808594
0 0.941406 0.621094 0.941406 0.744141 0.962891 0.744141 0.962891 0.738281 0.960938 0.736328 0.960938 0.734375 0.958984 0.732422 0.958984 0.726562 0.957031 0.724609 0.957031 0.716797 0.955078 0.714844 0.955078 0.705078 0.953125 0.703125 0.953125 0.695312 0.955078 0.693359 0.955078 0.673828 0.953125 0.671875 0.953125 0.642578 0.955078 0.640625 0.955078 0.636719 0.964844 0.626953 0.970703 0.626953 0.970703 0.621094
0 0.488281 0.230469 0.488281 0.248047 0.498047 0.248047 0.5 0.25 0.505859 0.25 0.507812 0.251953 0.513672 0.251953 0.515625 0.253906 0.527344 0.253906 0.529297 0.255859 0.541016 0.255859 0.541016 0.251953 0.525391 0.251953 0.517578 0.244141 0.515625 0.244141 0.513672 0.242188 0.509766 0.242188 0.507812 0.240234 0.505859 0.240234 0.503906 0.238281 0.503906 0.230469
0 0.847656 0.253906 0.847656 0.263672 0.859375 0.263672 0.861328 0.265625 0.878906 0.265625 0.880859 0.267578 0.898438 0.267578 0.900391 0.269531 0.914062 0.269531 0.916016 0.271484 0.990234 0.271484 0.992188 0.273438 0.998047 0.273438 0.998047 0.253906
0 0.164062 0.488281 0.164062 0.496094 0.162109 0.498047 0.162109 0.5 0.160156 0.501953 0.160156 0.509766 0.154297 0.515625 0.150391 0.515625 0.148438 0.513672 0.148438 0.511719 0.146484 0.509766 0.146484 0.507812 0.142578 0.503906 0.136719 0.503906 0.136719 0.521484 0.142578 0.521484 0.146484 0.525391 0.146484 0.527344 0.148438 0.529297 0.148438 0.539062 0.150391 0.541016 0.150391 0.550781 0.148438 0.552734 0.148438 0.578125 0.146484 0.580078 0.146484 0.585938 0.142578 0.589844 0.136719 0.589844 0.136719 0.603516 0.152344 0.603516 0.152344 0.585938 0.154297 0.583984 0.154297 0.582031 0.15625 0.580078 0.15625 0.576172 0.158203 0.574219 0.158203 0.570312 0.15625 0.568359 0.15625 0.556641 0.158203 0.554688 0.158203 0.550781 0.160156 0.548828 0.160156 0.527344 0.162109 0.525391 0.162109 0.523438 0.167969 0.517578 0.167969 0.515625 0.171875 0.511719 0.171875 0.507812 0.173828 0.505859 0.173828 0.496094 0.171875 0.494141 0.171875 0.488281
0 0.480469 0.542969 0.480469 0.5625 0.511719 0.5625 0.513672 0.560547 0.519531 0.560547 0.521484 0.558594 0.523438 0.558594 0.523438 0.556641 0.521484 0.556641 0.519531 0.554688 0.519531 0.552734 0.492188 0.552734 0.488281 0.548828 0.488281 0.542969
0 0.152344 0.355469 0.152344 0.363281 0.160156 0.363281 0.166016 0.369141 0.166016 0.382812 0.164062 0.384766 0.164062 0.386719 0.166016 0.388672 0.166016 0.402344 0.164062 0.404297 0.164062 0.410156 0.162109 0.412109 0.162109 0.414062 0.160156 0.416016 0.160156 0.417969 0.162109 0.419922 0.162109 0.421875 0.164062 0.423828 0.164062 0.425781 0.166016 0.427734 0.166016 0.431641 0.167969 0.433594 0.166016 0.435547 0.166016 0.451172 0.167969 0.453125 0.167969 0.480469 0.166016 0.482422 0.166016 0.490234 0.164062 0.492188 0.164062 0.498047 0.162109 0.5 0.162109 0.503906 0.160156 0.505859 0.160156 0.511719 0.158203 0.513672 0.152344 0.513672 0.152344 0.550781 0.158203 0.550781 0.158203 0.548828 0.160156 0.546875 0.160156 0.525391 0.162109 0.523438 0.162109 0.521484 0.164062 0.519531 0.166016 0.519531 0.167969 0.517578 0.167969 0.515625 0.169922 0.513672 0.169922 0.511719 0.171875 0.509766 0.171875 0.505859 0.173828 0.503906 0.173828 0.501953 0.171875 0.5 0.171875 0.494141 0.173828 0.492188 0.173828 0.486328 0.175781 0.484375 0.175781 0.482422 0.177734 0.480469 0.177734 0.476562 0.175781 0.474609 0.175781 0.451172 0.177734 0.449219 0.177734 0.445312 0.175781 0.443359 0.175781 0.417969 0.173828 0.416016 0.173828 0.400391 0.171875 0.398438 0.171875 0.371094 0.173828 0.369141 0.173828 0.367188 0.175781 0.365234 0.175781 0.363281 0.177734 0.361328 0.177734 0.355469
0 0.556641 0.585938 0.556641 0.595703 0.556641 0.585938 0.630859 0.578125 0.630859 0.582031 0.628906 0.583984 0.628906 0.570312 0.630859 0.568359 0.632812 0.568359 0.634766 0.566406 0.650391 0.566406 0.650391 0.558594 0.542969 0.558594 0.542969 0.582031 0.550781 0.582031 0.552734 0.580078 0.554688 0.580078 0.556641 0.578125 0.556641 0.574219 0.560547 0.570312 0.5625 0.570312 0.564453 0.568359 0.625 0.568359 0.626953 0.570312 0.628906 0.570312 0.628906 0.583984 0.626953 0.582031 0.626953 0.578125 0.628906 0.576172 0.630859 0.578125
0 0.0585938 0.0644531 0.0546875 0.0683594 0.0527344 0.0683594 0.0507812 0.0703125 0.03125 0.0703125 0.0292969 0.0722656 0.0253906 0.0722656 0.0234375 0.0742188 0.0214844 0.0742188 0.0195312 0.0761719 0.0136719 0.0761719 0.0117188 0.078125 0.00390625 0.078125 0.00390625 0.0878906 0.0410156 0.0878906 0.0410156 0.0820312 0.0449219 0.078125 0.0488281 0.078125 0.0507812 0.0761719 0.0585938 0.0761719 0.0605469 0.0742188 0.0722656 0.0742188 0.0722656 0.0664062 0.0625 0.0664062 0.0605469 0.0644531 0.0585938 0.0644531 0.0585938 0.0527344 0.0585938 0.0429688 0.0566406 0.0429688 0.0566406 0.0527344 0.0585938 0.0527344
0 0.152344 0.242188 0.152344 0.269531 0.158203 0.269531 0.162109 0.273438 0.162109 0.279297 0.164062 0.28125 0.164062 0.287109 0.166016 0.289062 0.166016 0.294922 0.167969 0.296875 0.167969 0.302734 0.169922 0.304688 0.169922 0.341797 0.167969 0.34375 0.167969 0.347656 0.166016 0.349609 0.166016 0.351562 0.164062 0.353516 0.164062 0.367188 0.166016 0.369141 0.166016 0.373047 0.164062 0.375 0.164062 0.402344 0.162109 0.404297 0.162109 0.423828 0.164062 0.425781 0.164062 0.429688 0.166016 0.431641 0.166016 0.480469 0.164062 0.482422 0.164062 0.490234 0.162109 0.492188 0.162109 0.498047 0.160156 0.5 0.160156 0.501953 0.158203 0.503906 0.152344 0.503906 0.152344 0.554688 0.158203 0.554688 0.158203 0.552734 0.160156 0.550781 0.160156 0.541016 0.162109 0.539062 0.162109 0.525391 0.167969 0.519531 0.167969 0.517578 0.171875 0.513672 0.171875 0.509766 0.173828 0.507812 0.173828 0.490234 0.175781 0.488281 0.175781 0.482422 0.177734 0.480469 0.177734 0.423828 0.175781 0.421875 0.175781 0.402344 0.173828 0.400391 0.173828 0.380859 0.171875 0.378906 0.171875 0.375 0.173828 0.373047 0.173828 0.367188 0.175781 0.365234 0.175781 0.361328 0.177734 0.359375 0.177734 0.292969 0.179688 0.291016 0.179688 0.259766 0.177734 0.257812 0.177734 0.253906 0.175781 0.251953 0.173828 0.251953 0.171875 0.25 0.167969 0.25 0.166016 0.248047 0.164062 0.248047 0.158203 0.242188
0 0.486328 0.203125 0.484375 0.205078 0.484375 0.216797 0.486328 0.21875 0.486328 0.224609 0.488281 0.226562 0.488281 0.228516 0.492188 0.232422 0.492188 0.236328 0.494141 0.238281 0.494141 0.246094 0.498047 0.25 0.503906 0.25 0.505859 0.251953 0.507812 0.251953 0.509766 0.253906 0.509766 0.259766 0.533203 0.259766 0.533203 0.251953 0.525391 0.251953 0.521484 0.248047 0.521484 0.246094 0.519531 0.246094 0.517578 0.244141 0.515625 0.244141 0.513672 0.242188 0.509766 0.242188 0.505859 0.238281 0.503906 0.238281 0.501953 0.236328 0.5 0.236328 0.496094 0.232422 0.496094 0.228516 0.494141 0.226562 0.494141 0.224609 0.492188 0.222656 0.492188 0.220703 0.490234 0.21875 0.490234 0.214844 0.488281 0.212891 0.488281 0.205078 0.486328 0.203125 0.480469 0.195312 0.480469 0.193359 0.482422 0.191406 0.482422 0.183594 0.474609 0.183594 0.474609 0.189453 0.480469 0.195312
0 0.449219 0.626953 0.447266 0.628906 0.447266 0.636719 0.449219 0.638672 0.449219 0.640625 0.451172 0.642578 0.451172 0.650391 0.470703 0.650391 0.470703 0.632812 0.460938 0.632812 0.458984 0.630859 0.457031 0.630859 0.455078 0.628906 0.451172 0.628906 0.449219 0.626953 0.447266 0.617188 0.451172 0.617188 0.455078 0.613281 0.455078 0.611328 0.451172 0.607422 0.451172 0.605469 0.449219 0.603516 0.449219 0.601562 0.447266 0.599609 0.447266 0.597656 0.445312 0.595703 0.445312 0.585938 0.447266 0.583984 0.447266 0.566406 0.433594 0.566406 0.433594 0.607422 0.439453 0.607422 0.445312 0.613281 0.445312 0.615234 0.447266 0.617188
0 0.542969 0.558594 0.542969 0.583984 0.548828 0.583984 0.554688 0.589844 0.554688 0.599609 0.556641 0.601562 0.556641 0.623047 0.558594 0.623047 0.560547 0.625 0.566406 0.625 0.566406 0.619141 0.560547 0.613281 0.560547 0.607422 0.558594 0.605469 0.558594 0.585938 0.556641 0.583984 0.556641 0.574219 0.5625 0.568359 0.564453 0.568359 0.566406 0.566406 0.587891 0.566406 0.587891 0.558594
0 0.734375 0.605469 0.734375 0.611328 0.730469 0.615234 0.728516 0.615234 0.726562 0.617188 0.720703 0.617188 0.71875 0.619141 0.707031 0.619141 0.705078 0.621094 0.640625 0.621094 0.638672 0.623047 0.628906 0.623047 0.628906 0.630859 0.638672 0.630859 0.640625 0.632812 0.65625 0.632812 0.658203 0.630859 0.683594 0.630859 0.685547 0.632812 0.712891 0.632812 0.714844 0.630859 0.845703 0.630859 0.845703 0.605469 0.804688 0.605469 0.804688 0.611328 0.802734 0.613281 0.792969 0.613281 0.791016 0.611328 0.791016 0.605469
0 0.353516 0.134766 0.351562 0.134766 0.349609 0.136719 0.337891 0.136719 0.337891 0.142578 0.353516 0.142578 0.353516 0.134766 0.363281 0.0996094 0.363281 0.0976562 0.365234 0.0957031 0.369141 0.0957031 0.371094 0.09375 0.382812 0.09375 0.384766 0.0957031 0.388672 0.0957031 0.390625 0.0976562 0.394531 0.0976562 0.396484 0.0996094 0.404297 0.0996094 0.40625 0.101562 0.410156 0.101562 0.412109 0.103516 0.414062 0.103516 0.416016 0.105469 0.419922 0.101562 0.421875 0.101562 0.423828 0.0996094 0.425781 0.0996094 0.427734 0.0976562 0.429688 0.0976562 0.431641 0.0957031 0.435547 0.0957031 0.4375 0.09375 0.445312 0.09375 0.447266 0.0917969 0.480469 0.0917969 0.482422 0.09375 0.488281 0.09375 0.490234 0.0957031 0.492188 0.0957031 0.494141 0.0976562 0.494141 0.0996094 0.501953 0.0996094 0.501953 0.0976562 0.509766 0.0898438 0.511719 0.0898438 0.513672 0.0878906 0.515625 0.0878906 0.517578 0.0859375 0.521484 0.0859375 0.523438 0.0839844 0.529297 0.0839844 0.53125 0.0820312 0.541016 0.0820312 0.542969 0.0800781 0.544922 0.0820312 0.566406 0.0820312 0.568359 0.0839844 0.574219 0.0839844 0.576172 0.0859375 0.585938 0.0859375 0.587891 0.0878906 0.597656 0.0878906 0.599609 0.0859375 0.603516 0.0859375 0.607422 0.0820312 0.609375 0.0820312 0.611328 0.0800781 0.613281 0.0800781 0.615234 0.078125 0.630859 0.078125 0.632812 0.0761719 0.648438 0.0761719 0.650391 0.0742188 0.65625 0.0742188 0.658203 0.0722656 0.660156 0.0722656 0.660156 0.0703125 0.662109 0.0683594 0.662109 0.0625 0.650391 0.0625 0.646484 0.0664062 0.644531 0.0664062 0.642578 0.0683594 0.603516 0.0683594 0.601562 0.0703125 0.568359 0.0703125 0.566406 0.0683594 0.535156 0.0683594 0.533203 0.0703125 0.517578 0.0703125 0.515625 0.0722656 0.490234 0.0722656 0.488281 0.0742188 0.480469 0.0742188 0.478516 0.0761719 0.46875 0.0761719 0.466797 0.078125 0.449219 0.078125 0.447266 0.0800781 0.433594 0.0800781 0.431641 0.0820312 0.423828 0.0820312 0.421875 0.0839844 0.404297 0.0839844 0.402344 0.0859375 0.394531 0.0859375 0.392578 0.0839844 0.380859 0.0839844 0.378906 0.0859375 0.363281 0.0859375 0.361328 0.0878906 0.355469 0.0878906 0.353516 0.0859375 0.339844 0.0859375 0.337891 0.0839844 0.332031 0.0839844 0.330078 0.0820312 0.326172 0.0820312 0.324219 0.0800781 0.320312 0.0800781 0.318359 0.078125 0.314453 0.078125 0.3125 0.0761719 0.310547 0.0761719 0.308594 0.0742188 0.298828 0.0742188 0.300781 0.0761719 0.300781 0.078125 0.302734 0.0800781 0.304688 0.0800781 0.306641 0.0820312 0.3125 0.0820312 0.314453 0.0839844 0.316406 0.0839844 0.322266 0.0898438 0.330078 0.0898438 0.332031 0.0917969 0.353516 0.0917969 0.355469 0.09375 0.357422 0.09375 0.363281 0.0996094
0 0.425781 0.183594 0.425781 0.189453 0.416016 0.199219 0.410156 0.199219 0.410156 0.21875 0.416016 0.21875 0.417969 0.216797 0.417969 0.214844 0.419922 0.212891 0.419922 0.210938 0.427734 0.203125 0.427734 0.201172 0.429688 0.199219 0.431641 0.199219 0.4375 0.193359 0.447266 0.193359 0.447266 0.183594
0 0.636719 0.822266 0.628906 0.830078 0.628906 0.832031 0.626953 0.833984 0.626953 0.839844 0.625 0.841797 0.625 0.855469 0.623047 0.857422 0.623047 0.867188 0.626953 0.871094 0.626953 0.876953 0.630859 0.876953 0.630859 0.871094 0.636719 0.865234 0.642578 0.865234 0.642578 0.861328 0.636719 0.861328 0.634766 0.859375 0.634766 0.857422 0.632812 0.855469 0.632812 0.853516 0.634766 0.851562 0.642578 0.851562 0.642578 0.822266 0.636719 0.822266 0.628906 0.75 0.630859 0.751953 0.630859 0.755859 0.628906 0.757812 0.626953 0.683594 0.626953 0.677734 0.625 0.675781 0.625 0.654297 0.623047 0.652344 0.623047 0.642578 0.625 0.640625 0.625 0.638672 0.626953 0.636719 0.626953 0.628906 0.613281 0.628906 0.613281 0.683594 0.626953 0.683594 0.628906 0.757812 0.628906 0.767578 0.626953 0.765625 0.626953 0.728516 0.628906 0.726562 0.628906 0.75
0 0.683594 0.0664062 0.683594 0.078125 0.691406 0.078125 0.695312 0.0820312 0.699219 0.0820312 0.701172 0.0839844 0.720703 0.0839844 0.720703 0.0800781 0.710938 0.0800781 0.708984 0.078125 0.707031 0.078125 0.705078 0.0761719 0.703125 0.0761719 0.699219 0.0722656 0.699219 0.0664062
0 0.871094 0.876953 0.871094 0.884766 0.876953 0.884766 0.876953 0.876953 0.871094 0.876953 0.861328 0.869141 0.863281 0.867188 0.863281 0.861328 0.865234 0.859375 0.865234 0.84375 0.863281 0.841797 0.863281 0.816406 0.847656 0.816406 0.847656 0.865234 0.855469 0.865234 0.857422 0.867188 0.859375 0.867188 0.861328 0.869141
0 0.484375 0.542969 0.484375 0.548828 0.480469 0.552734 0.480469 0.554688 0.478516 0.556641 0.478516 0.558594 0.480469 0.560547 0.484375 0.560547 0.486328 0.5625 0.511719 0.5625 0.513672 0.560547 0.519531 0.560547 0.521484 0.558594 0.523438 0.558594 0.523438 0.556641 0.521484 0.556641 0.519531 0.554688 0.505859 0.554688 0.503906 0.552734 0.492188 0.552734 0.488281 0.548828 0.488281 0.542969
0 0.160156 0.496094 0.160156 0.507812 0.158203 0.509766 0.158203 0.511719 0.15625 0.513672 0.154297 0.513672 0.152344 0.515625 0.150391 0.515625 0.148438 0.513672 0.148438 0.511719 0.146484 0.509766 0.146484 0.507812 0.142578 0.503906 0.136719 0.503906 0.136719 0.521484 0.142578 0.521484 0.146484 0.525391 0.146484 0.527344 0.148438 0.529297 0.148438 0.541016 0.150391 0.542969 0.150391 0.550781 0.148438 0.552734 0.148438 0.560547 0.146484 0.5625 0.146484 0.566406 0.148438 0.568359 0.148438 0.576172 0.146484 0.578125 0.146484 0.583984 0.142578 0.587891 0.136719 0.587891 0.136719 0.609375 0.144531 0.609375 0.150391 0.603516 0.150391 0.599609 0.152344 0.597656 0.152344 0.587891 0.154297 0.585938 0.154297 0.582031 0.15625 0.580078 0.15625 0.576172 0.158203 0.574219 0.158203 0.570312 0.15625 0.568359 0.15625 0.556641 0.158203 0.554688 0.158203 0.550781 0.160156 0.548828 0.160156 0.529297 0.162109 0.527344 0.162109 0.523438 0.166016 0.519531 0.173828 0.519531 0.173828 0.496094
0 0.441406 0.628906 0.441406 0.636719 0.447266 0.636719 0.449219 0.638672 0.449219 0.640625 0.451172 0.642578 0.451172 0.646484 0.453125 0.648438 0.453125 0.652344 0.455078 0.654297 0.455078 0.658203 0.457031 0.660156 0.457031 0.662109 0.460938 0.666016 0.460938 0.667969 0.462891 0.669922 0.462891 0.681641 0.464844 0.681641 0.464844 0.652344 0.466797 0.650391 0.466797 0.646484 0.46875 0.644531 0.46875 0.642578 0.466797 0.640625 0.466797 0.628906
0 0.462891 0.716797 0.460938 0.71875 0.458984 0.71875 0.457031 0.720703 0.449219 0.720703 0.449219 0.730469 0.455078 0.730469 0.458984 0.734375 0.458984 0.748047 0.460938 0.75 0.460938 0.757812 0.458984 0.759766 0.458984 0.771484 0.455078 0.775391 0.449219 0.775391 0.449219 0.867188 0.455078 0.867188 0.458984 0.871094 0.458984 0.876953 0.466797 0.876953 0.466797 0.871094 0.46875 0.869141 0.46875 0.857422 0.466797 0.855469 0.466797 0.84375 0.46875 0.841797 0.46875 0.8125 0.466797 0.810547 0.466797 0.732422 0.464844 0.730469 0.464844 0.716797 0.462891 0.716797 0.462891 0.707031 0.464844 0.707031 0.464844 0.701172 0.466797 0.699219 0.466797 0.697266 0.464844 0.695312 0.464844 0.691406 0.462891 0.689453 0.462891 0.681641 0.464844 0.679688 0.464844 0.660156 0.466797 0.658203 0.466797 0.646484 0.46875 0.644531 0.46875 0.642578 0.466797 0.640625 0.466797 0.634766 0.464844 0.632812 0.462891 0.632812 0.460938 0.630859 0.458984 0.630859 0.457031 0.628906 0.449219 0.628906 0.449219 0.662109 0.455078 0.662109 0.458984 0.666016 0.458984 0.667969 0.460938 0.669922 0.460938 0.677734 0.462891 0.679688 0.462891 0.6875 0.458984 0.691406 0.458984 0.695312 0.457031 0.697266 0.462891 0.703125 0.462891 0.707031
0 0.542969 0.558594 0.542969 0.580078 0.556641 0.580078 0.556641 0.574219 0.560547 0.570312 0.5625 0.570312 0.564453 0.568359 0.626953 0.568359 0.628906 0.570312 0.630859 0.568359 0.632812 0.568359 0.634766 0.566406 0.650391 0.566406 0.650391 0.558594
0 0.199219 0.722656 0.199219 0.798828 0.207031 0.798828 0.207031 0.765625 0.208984 0.763672 0.208984 0.751953 0.207031 0.75 0.207031 0.744141 0.208984 0.742188 0.208984 0.740234 0.210938 0.738281 0.210938 0.736328 0.214844 0.732422 0.220703 0.732422 0.220703 0.722656
0 0.488281 0.224609 0.488281 0.248047 0.496094 0.248047 0.498047 0.25 0.505859 0.25 0.507812 0.251953 0.513672 0.251953 0.515625 0.253906 0.533203 0.253906 0.533203 0.251953 0.525391 0.251953 0.517578 0.244141 0.515625 0.244141 0.513672 0.242188 0.509766 0.242188 0.507812 0.240234 0.505859 0.240234 0.501953 0.236328 0.5 0.236328 0.496094 0.232422 0.496094 0.228516 0.494141 0.226562 0.494141 0.224609
0 0.146484 0.558594 0.146484 0.566406 0.148438 0.568359 0.148438 0.576172 0.146484 0.578125 0.146484 0.582031 0.144531 0.583984 0.144531 0.589844 0.142578 0.591797 0.142578 0.597656 0.138672 0.601562 0.136719 0.601562 0.134766 0.603516 0.132812 0.603516 0.128906 0.607422 0.121094 0.607422 0.121094 0.626953 0.128906 0.626953 0.134766 0.621094 0.134766 0.619141 0.150391 0.603516 0.150391 0.601562 0.152344 0.599609 0.152344 0.585938 0.154297 0.583984 0.154297 0.582031 0.15625 0.580078 0.15625 0.576172 0.158203 0.574219 0.158203 0.570312 0.15625 0.568359 0.15625 0.558594
0 0.152344 0.574219 0.152344 0.580078 0.158203 0.580078 0.158203 0.574219 0.152344 0.574219 0.152344 0.552734 0.158203 0.552734 0.158203 0.550781 0.160156 0.548828 0.160156 0.529297 0.162109 0.527344 0.162109 0.523438 0.167969 0.517578 0.167969 0.515625 0.171875 0.511719 0.171875 0.507812 0.173828 0.505859 0.173828 0.488281 0.175781 0.486328 0.175781 0.482422 0.177734 0.480469 0.177734 0.464844 0.175781 0.462891 0.177734 0.460938 0.177734 0.433594 0.175781 0.431641 0.175781 0.414062 0.173828 0.412109 0.173828 0.396484 0.171875 0.394531 0.171875 0.373047 0.173828 0.371094 0.173828 0.369141 0.175781 0.367188 0.175781 0.363281 0.177734 0.361328 0.177734 0.351562 0.175781 0.349609 0.175781 0.335938 0.177734 0.333984 0.177734 0.28125 0.179688 0.279297 0.179688 0.271484 0.181641 0.269531 0.181641 0.261719 0.152344 0.261719 0.152344 0.269531 0.160156 0.269531 0.162109 0.271484 0.162109 0.275391 0.164062 0.277344 0.164062 0.28125 0.166016 0.283203 0.166016 0.292969 0.167969 0.294922 0.167969 0.300781 0.169922 0.302734 0.169922 0.345703 0.166016 0.349609 0.166016 0.351562 0.162109 0.355469 0.162109 0.359375 0.160156 0.361328 0.160156 0.363281 0.164062 0.367188 0.164062 0.369141 0.166016 0.371094 0.166016 0.378906 0.164062 0.380859 0.164062 0.390625 0.166016 0.392578 0.166016 0.394531 0.164062 0.396484 0.164062 0.408203 0.162109 0.410156 0.162109 0.414062 0.160156 0.416016 0.160156 0.417969 0.162109 0.419922 0.162109 0.423828 0.166016 0.427734 0.166016 0.488281 0.164062 0.490234 0.164062 0.496094 0.162109 0.498047 0.162109 0.5 0.160156 0.501953 0.160156 0.505859 0.158203 0.507812 0.152344 0.507812 0.152344 0.552734
0 0.0976562 0.628906 0.0976562 0.703125 0.105469 0.703125 0.107422 0.705078 0.107422 0.720703 0.109375 0.722656 0.109375 0.724609 0.113281 0.728516 0.113281 0.736328 0.134766 0.736328 0.134766 0.720703 0.125 0.720703 0.123047 0.71875 0.121094 0.71875 0.115234 0.712891 0.115234 0.710938 0.113281 0.708984 0.113281 0.636719 0.115234 0.634766 0.115234 0.628906
0 0.390625 0.244141 0.394531 0.244141 0.394531 0.238281 0.390625 0.238281 0.390625 0.244141 0.384766 0.251953 0.375 0.251953 0.373047 0.25 0.363281 0.25 0.361328 0.248047 0.355469 0.248047 0.353516 0.246094 0.351562 0.246094 0.349609 0.244141 0.349609 0.238281 0.345703 0.238281 0.345703 0.248047 0.34375 0.25 0.34375 0.251953 0.345703 0.251953 0.347656 0.253906 0.351562 0.253906 0.353516 0.255859 0.359375 0.255859 0.361328 0.257812 0.367188 0.257812 0.369141 0.259766 0.371094 0.259766 0.373047 0.261719 0.373047 0.267578 0.378906 0.267578 0.378906 0.259766 0.384766 0.253906 0.384766 0.251953
0 0.00390625 0.410156 0.00390625 0.417969 0.0273438 0.417969 0.0292969 0.419922 0.0644531 0.419922 0.0664062 0.417969 0.0800781 0.417969 0.0800781 0.410156
0 0.0976562 0.628906 0.0976562 0.703125 0.103516 0.703125 0.107422 0.707031 0.107422 0.728516 0.126953 0.728516 0.126953 0.71875 0.121094 0.71875 0.115234 0.712891 0.115234 0.671875 0.113281 0.669922 0.113281 0.638672 0.115234 0.636719 0.115234 0.628906
0 0.542969 0.558594 0.542969 0.583984 0.548828 0.583984 0.552734 0.587891 0.552734 0.589844 0.554688 0.591797 0.554688 0.601562 0.556641 0.603516 0.556641 0.623047 0.558594 0.625 0.5625 0.625 0.564453 0.626953 0.566406 0.626953 0.566406 0.625 0.568359 0.623047 0.568359 0.621094 0.560547 0.613281 0.560547 0.605469 0.558594 0.603516 0.558594 0.585938 0.556641 0.583984 0.556641 0.576172 0.558594 0.574219 0.558594 0.572266 0.564453 0.566406 0.570312 0.566406 0.572266 0.564453 0.580078 0.564453 0.582031 0.566406 0.611328 0.566406 0.611328 0.558594
0 0.277344 0.00390625 0.277344 0.0566406 0.285156 0.0566406 0.285156 0.0449219 0.287109 0.0429688 0.287109 0.0292969 0.289062 0.0273438 0.289062 0.0175781 0.287109 0.015625 0.287109 0.00390625
0 0.628906 0.574219 0.626953 0.576172 0.626953 0.587891 0.634766 0.587891 0.634766 0.582031 0.632812 0.580078 0.632812 0.578125 0.628906 0.574219 0.626953 0.570312 0.630859 0.570312 0.632812 0.568359 0.634766 0.568359 0.636719 0.566406 0.650391 0.566406 0.650391 0.558594 0.605469 0.558594 0.605469 0.568359 0.625 0.568359 0.626953 0.570312
0 0.505859 0.472656 0.505859 0.486328 0.507812 0.488281 0.507812 0.492188 0.509766 0.494141 0.509766 0.501953 0.511719 0.503906 0.511719 0.511719 0.513672 0.513672 0.513672 0.525391 0.515625 0.527344 0.513672 0.529297 0.513672 0.539062 0.511719 0.541016 0.511719 0.548828 0.521484 0.548828 0.521484 0.5 0.519531 0.498047 0.519531 0.488281 0.521484 0.486328 0.521484 0.482422 0.523438 0.480469 0.523438 0.472656
0 0.269531 0.355469 0.269531 0.367188 0.289062 0.367188 0.291016 0.365234 0.466797 0.365234 0.46875 0.363281 0.470703 0.363281 0.472656 0.361328 0.472656 0.355469
0 0.00390625 0.410156 0.00390625 0.417969 0.0234375 0.417969 0.0253906 0.419922 0.0664062 0.419922 0.0683594 0.417969 0.138672 0.417969 0.140625 0.419922 0.166016 0.419922 0.166016 0.410156
0 0.972656 0.558594 0.972656 0.566406 0.982422 0.566406 0.984375 0.568359 0.990234 0.568359 0.994141 0.572266 0.998047 0.572266 0.998047 0.558594
0 0.277344 0.00390625 0.277344 0.0410156 0.287109 0.0410156 0.287109 0.0292969 0.289062 0.0273438 0.289062 0.0175781 0.287109 0.015625 0.287109 0.00390625
0 0.707031 0.777344 0.707031 0.789062 0.716797 0.789062 0.71875 0.791016 0.738281 0.791016 0.740234 0.789062 0.791016 0.789062 0.791016 0.777344
0 0.429688 0.136719 0.429688 0.144531 0.431641 0.146484 0.431641 0.148438 0.433594 0.150391 0.433594 0.152344 0.439453 0.158203 0.439453 0.175781 0.441406 0.177734 0.441406 0.183594 0.439453 0.185547 0.4375 0.185547 0.435547 0.1875 0.431641 0.1875 0.429688 0.189453 0.425781 0.189453 0.416016 0.199219 0.410156 0.199219 0.410156 0.21875 0.416016 0.21875 0.417969 0.216797 0.417969 0.214844 0.419922 0.212891 0.419922 0.210938 0.427734 0.203125 0.427734 0.201172 0.429688 0.199219 0.431641 0.199219 0.4375 0.193359 0.439453 0.193359 0.441406 0.191406 0.449219 0.191406 0.451172 0.189453 0.455078 0.189453 0.457031 0.1875 0.460938 0.1875 0.462891 0.185547 0.464844 0.185547 0.466797 0.1875 0.46875 0.1875 0.470703 0.189453 0.472656 0.189453 0.474609 0.191406 0.476562 0.191406 0.478516 0.193359 0.478516 0.195312 0.480469 0.197266 0.486328 0.197266 0.486328 0.181641 0.478516 0.181641 0.476562 0.179688 0.46875 0.179688 0.466797 0.177734 0.464844 0.177734 0.462891 0.175781 0.460938 0.175781 0.457031 0.171875 0.455078 0.171875 0.453125 0.169922 0.453125 0.167969 0.451172 0.166016 0.451172 0.164062 0.449219 0.162109 0.449219 0.160156 0.447266 0.158203 0.447266 0.154297 0.445312 0.152344 0.445312 0.150391 0.443359 0.148438 0.443359 0.146484 0.441406 0.144531 0.441406 0.136719
0 0.613281 0.558594 0.613281 0.566406 0.623047 0.566406 0.628906 0.572266 0.628906 0.574219 0.626953 0.576172 0.626953 0.583984 0.628906 0.585938 0.632812 0.582031 0.632812 0.578125 0.628906 0.574219 0.628906 0.572266 0.634766 0.566406 0.650391 0.566406 0.650391 0.558594
0 0.0800781 0.423828 0.0800781 0.417969 0.078125 0.417969 0.0761719 0.416016 0.0722656 0.416016 0.0703125 0.414062 0.0683594 0.414062 0.0664062 0.412109 0.0410156 0.412109 0.0390625 0.410156 0.0234375 0.410156 0.0214844 0.408203 0.0175781 0.408203 0.015625 0.410156 0.00585938 0.410156 0.0078125 0.412109 0.0078125 0.414062 0.00976562 0.416016 0.00976562 0.423828 0.0800781 0.423828 0.158203 0.423828 0.173828 0.423828 0.173828 0.417969 0.460938 0.361328 0.271484 0.361328 0.273438 0.359375 0.373047 0.359375 0.375 0.361328 0.443359 0.361328 0.4375 0.361328 0.435547 0.363281 0.300781 0.363281 0.298828 0.365234 0.130859 0.359375 0.132812 0.361328 0.134766 0.361328 0.136719 0.359375 0.152344 0.359375 0.154297 0.361328 0.158203 0.361328 0.146484 0.361328 0.144531 0.363281 0.140625 0.363281 0.0800781 0.361328 0.277344 0.259766 0.208984 0.259766 0.439453 0.189453 0.441406 0.189453 0.443359 0.191406 0.449219 0.191406 0.451172 0.189453 0.453125 0.189453 0.453125 0.183594 0.439453 0.183594 0.439453 0.189453 0.208984 0.259766 0.207031 0.257812 0.205078 0.257812 0.203125 0.255859 0.201172 0.255859 0.199219 0.253906 0.185547 0.253906 0.183594 0.251953 0.158203 0.251953 0.158203 0.261719 0.160156 0.263672 0.162109 0.263672 0.164062 0.265625 0.164062 0.267578 0.166016 0.269531 0.166016 0.271484 0.167969 0.273438 0.167969 0.279297 0.169922 0.279297 0.171875 0.277344 0.173828 0.277344 0.173828 0.275391 0.175781 0.273438 0.175781 0.271484 0.177734 0.269531 0.179688 0.269531 0.185547 0.263672 0.1875 0.263672 0.189453 0.261719 0.205078 0.261719 0.207031 0.259766 0.208984 0.259766 0.277344 0.259766 0.287109 0.259766 0.277344 0.259766 0.0800781 0.361328 0.0722656 0.361328 0.0703125 0.359375 0.0625 0.359375 0.0605469 0.357422 0.046875 0.357422 0.0449219 0.359375 0.0332031 0.359375 0.03125 0.357422 0.0273438 0.357422 0.0253906 0.355469 0.0195312 0.355469 0.0175781 0.353516 0.015625 0.355469 0 0.355469 0 0.361328 0.00976562 0.361328 0.0117188 0.363281 0.0703125 0.363281 0.0722656 0.361328 0.0800781 0.361328 0.140625 0.363281 0.138672 0.361328 0.134766 0.361328 0.132812 0.363281 0.103516 0.363281 0.101562 0.361328 0.0917969 0.361328 0.09375 0.361328 0.0957031 0.359375 0.0976562 0.359375 0.101562 0.355469 0.117188 0.355469 0.119141 0.357422 0.121094 0.357422 0.123047 0.359375 0.130859 0.359375 0.298828 0.365234 0.208984 0.365234 0.207031 0.363281 0.205078 0.363281 0.205078 0.361328 0.226562 0.361328 0.228516 0.359375 0.251953 0.359375 0.253906 0.361328 0.271484 0.361328 0.460938 0.361328 0.470703 0.361328 0.470703 0.359375 0.462891 0.359375 0.460938 0.361328 0.173828 0.417969 0.169922 0.414062 0.169922 0.412109 0.167969 0.410156 0.167969 0.40625 0.167969 0.410156 0.166016 0.412109 0.166016 0.414062 0.164062 0.416016 0.162109 0.416016 0.160156 0.417969 0.158203 0.417969 0.158203 0.423828
0 0.458984 0.761719 0.458984 0.769531 0.457031 0.771484 0.457031 0.773438 0.455078 0.775391 0.449219 0.775391 0.449219 0.833984 0.455078 0.833984 0.458984 0.837891 0.458984 0.839844 0.455078 0.84375 0.449219 0.84375 0.449219 0.869141 0.457031 0.869141 0.458984 0.871094 0.458984 0.876953 0.46875 0.876953 0.46875 0.861328 0.466797 0.859375 0.466797 0.849609 0.464844 0.847656 0.464844 0.845703 0.466797 0.84375 0.466797 0.761719
0 0.429688 0.128906 0.429688 0.144531 0.431641 0.146484 0.431641 0.150391 0.4375 0.15625 0.4375 0.158203 0.439453 0.160156 0.439453 0.171875 0.441406 0.173828 0.441406 0.175781 0.443359 0.177734 0.443359 0.179688 0.447266 0.183594 0.443359 0.1875 0.439453 0.1875 0.4375 0.189453 0.417969 0.189453 0.417969 0.207031 0.423828 0.207031 0.425781 0.205078 0.425781 0.203125 0.4375 0.191406 0.443359 0.191406 0.445312 0.189453 0.451172 0.189453 0.453125 0.1875 0.455078 0.1875 0.457031 0.185547 0.460938 0.185547 0.462891 0.183594 0.464844 0.183594 0.466797 0.185547 0.46875 0.185547 0.474609 0.191406 0.476562 0.191406 0.478516 0.193359 0.478516 0.195312 0.480469 0.197266 0.486328 0.197266 0.486328 0.181641 0.474609 0.181641 0.472656 0.179688 0.464844 0.179688 0.458984 0.173828 0.457031 0.173828 0.451172 0.167969 0.451172 0.164062 0.449219 0.162109 0.449219 0.158203 0.447266 0.15625 0.447266 0.154297 0.445312 0.152344 0.445312 0.150391 0.443359 0.148438 0.443359 0.144531 0.441406 0.142578 0.441406 0.140625 0.439453 0.140625 0.4375 0.138672 0.435547 0.138672 0.433594 0.136719 0.433594 0.128906
0 0.791016 0.371094 0.791016 0.376953 0.794922 0.380859 0.796875 0.380859 0.798828 0.382812 0.800781 0.382812 0.804688 0.386719 0.804688 0.392578 0.830078 0.392578 0.830078 0.384766 0.833984 0.380859 0.835938 0.380859 0.837891 0.378906 0.841797 0.378906 0.84375 0.376953 0.84375 0.371094 0.791016 0.371094 0.771484 0.371094 0.753906 0.371094 0.753906 0.380859 0.765625 0.380859 0.767578 0.378906 0.769531 0.378906 0.771484 0.376953 0.771484 0.371094
0 0.683594 0.371094 0.683594 0.380859 0.71875 0.380859 0.720703 0.382812 0.751953 0.382812 0.753906 0.380859 0.765625 0.380859 0.767578 0.378906 0.771484 0.378906 0.773438 0.376953 0.773438 0.371094
0 0.152344 0.355469 0.152344 0.365234 0.164062 0.365234 0.166016 0.367188 0.169922 0.367188 0.173828 0.363281 0.183594 0.363281 0.185547 0.365234 0.1875 0.365234 0.189453 0.367188 0.228516 0.367188 0.228516 0.355469
0 0.769531 0.332031 0.769531 0.380859 0.785156 0.380859 0.787109 0.378906 0.791016 0.378906 0.791016 0.376953 0.787109 0.373047 0.787109 0.369141 0.785156 0.367188 0.785156 0.361328 0.783203 0.359375 0.783203 0.34375 0.78125 0.341797 0.78125 0.332031
0 0.808594 0.371094 0.808594 0.392578 0.830078 0.392578 0.830078 0.386719 0.835938 0.380859 0.839844 0.380859 0.841797 0.378906 0.84375 0.378906 0.845703 0.376953 0.853516 0.376953 0.853516 0.371094
0 0.146484 0.191406 0.146484 0.199219 0.144531 0.201172 0.144531 0.208984 0.146484 0.210938 0.146484 0.228516 0.148438 0.230469 0.148438 0.246094 0.150391 0.248047 0.150391 0.251953 0.152344 0.253906 0.152344 0.259766 0.154297 0.261719 0.154297 0.263672 0.160156 0.269531 0.160156 0.271484 0.162109 0.273438 0.162109 0.277344 0.164062 0.279297 0.164062 0.285156 0.166016 0.287109 0.166016 0.292969 0.167969 0.294922 0.167969 0.300781 0.169922 0.302734 0.169922 0.345703 0.166016 0.349609 0.166016 0.351562 0.164062 0.353516 0.164062 0.355469 0.162109 0.357422 0.162109 0.363281 0.164062 0.365234 0.164062 0.369141 0.166016 0.371094 0.166016 0.373047 0.164062 0.375 0.164062 0.40625 0.162109 0.408203 0.162109 0.423828 0.164062 0.425781 0.164062 0.427734 0.166016 0.429688 0.166016 0.484375 0.164062 0.486328 0.164062 0.492188 0.162109 0.494141 0.162109 0.498047 0.160156 0.5 0.160156 0.505859 0.158203 0.507812 0.158203 0.509766 0.152344 0.515625 0.148438 0.515625 0.144531 0.511719 0.142578 0.513672 0.142578 0.519531 0.146484 0.523438 0.146484 0.527344 0.148438 0.529297 0.148438 0.558594 0.146484 0.560547 0.146484 0.566406 0.148438 0.568359 0.148438 0.576172 0.146484 0.578125 0.146484 0.585938 0.144531 0.587891 0.144531 0.591797 0.142578 0.59375 0.142578 0.597656 0.138672 0.601562 0.136719 0.601562 0.132812 0.605469 0.130859 0.605469 0.128906 0.607422 0.121094 0.607422 0.121094 0.625 0.128906 0.625 0.136719 0.617188 0.138672 0.617188 0.140625 0.615234 0.140625 0.613281 0.146484 0.607422 0.148438 0.607422 0.150391 0.605469 0.150391 0.603516 0.152344 0.601562 0.152344 0.589844 0.154297 0.587891 0.154297 0.582031 0.15625 0.580078 0.15625 0.556641 0.158203 0.554688 0.158203 0.552734 0.160156 0.550781 0.160156 0.535156 0.162109 0.533203 0.162109 0.525391 0.167969 0.519531 0.167969 0.517578 0.169922 0.515625 0.169922 0.513672 0.171875 0.511719 0.171875 0.507812 0.173828 0.505859 0.173828 0.490234 0.175781 0.488281 0.175781 0.482422 0.177734 0.480469 0.177734 0.427734 0.175781 0.425781 0.175781 0.410156 0.173828 0.408203 0.173828 0.386719 0.171875 0.384766 0.171875 0.373047 0.173828 0.371094 0.173828 0.367188 0.175781 0.365234 0.175781 0.363281 0.177734 0.361328 0.177734 0.349609 0.175781 0.347656 0.175781 0.34375 0.177734 0.341797 0.177734 0.285156 0.179688 0.283203 0.179688 0.269531 0.181641 0.267578 0.181641 0.265625 0.179688 0.263672 0.179688 0.253906 0.177734 0.253906 0.175781 0.251953 0.171875 0.251953 0.169922 0.25 0.166016 0.25 0.162109 0.246094 0.160156 0.246094 0.158203 0.244141 0.158203 0.242188 0.15625 0.240234 0.15625 0.238281 0.154297 0.236328 0.154297 0.214844 0.152344 0.212891 0.152344 0.191406
